— STAAT EN SLAVERNIJ —
Tabel 1.  
De winstuitkeringen van de vo aan c Willem Hendrik van Oranje  iii
jaar percentage  uitgekeerd  2021
1675 25,00 f 50 000 €  8 960 000
1679 12,50 f 25 000 €  4 480 000
1680 25,00 f 50 000 €  8 960 000
1681 22,50 f 45 000 €  8 064 000
1682 33,33 f 66 666 €  11 946 547
1685 40,00 f 80 000 €  14 336 000
1686 12,50 f 25 000 €  4 480 000
1687 20,00 f 40 000 €  7 168 000
1688 33,33 f 66 666 €  11 946 547
1689 33,33 f 66 666 €  11 946 547
1690 40,00 f 80 000 €  14 336 000
1691 20,00 f 40 000 €  7 168 000
1692 25,00 f 50 000 €  8 960 000
1693 20,00 f 40 000 €  7 168 000
1694 20,00 f 40 000 €   7 168 000
1695 25,00 f 50 000 €  8 960 000
1696 15,00 f 30 000 €  5 376 000
1697 15,00 f 30 000 €  5 376 000
1698 15,00 f 30 000 €  5 376 000
1698 15,00 f 30 000 €  5 376 000
1699 20,00 f 40 000 €  7 168 000
1699 15,00 f 30 000 €  5 376 000
1700 25,00 f 50 000 €  8 960 000
1701 20,00 f 40 000 €  7 168 000
Totale uitkering  f 1 094 998 €  196 223 642
— 412 —
