— REGISTER —
Zanen, Jan van 39­40 Elmina 30, 145, 149, 151, 155, 275, 277, 286, 287, 
304, 387
Essequibo 26, 251­254, 255, 256, 257­258, 259, 
◼ ◼◼ Plaatsen 260, 261, 304
Amsterdam 13, 30, 31, 34, 35, 38, 39­41, 42­43, 45, 
46, 48, 49, 52, 55, 60, 76, 82, 83, 86, 87, 92, 93, Formosa (Taiwan) 362, 371
97, 100, 124, 131, 134, 136, 139, 167, 178, 179, 187, Frankrijk 126­127, 137, 212, 214, 248, 349
218­220, 240, 249, 253, 255, 268, 278, 285, 287, 
341, 355, 359, 360, 361, 364, 368­369, 373, 382, Ghana 30, 145, 149, 202, 241, 255, 275, 286­287, 
386, 395­397, 410, 414, 432 304, 365, 387
Angola 267, 275, 276, 277, 286­287, 296, 339, 340, Goudkust 133, 248, 255, 275, 286­287, 289­290, 
353, 359, 365 291­292
Antwerpen 219, 347­349, 351, 352­353, 355­356 Graankust 255
Arakan 307, 309­310, 312 Guadeloupe 112, 152
Aruba 14, 18, 64, 65, 6667­, 103, 116­117, 128, 139, Guyana 26, 116, 157, 228, 237, 238, 239­240, 261, 
158, 193, 194, 225, 226, 230, 232, 233­234, 235­236 304, 426
Banda 19, 26, 42, 60, 71, 122, 146, 147, 164, 309, 319, Haïti 127, 212, 227, 230, 259
321, 328, 381, 393, 401, 428­429, 430
Batavia (Jakarta) 148, 177, 181, 187, 195, 304, 307, India 60, 128, 161, 172, 296, 304, 309, 310, 314, 
309­311, 315, 316, 319, 321­324, 325, 326­328, 361,386 , 389, 393, 402, 414, 426, 429
371­372, 381, 383, 393, 401, 404 Indische Oceaan 12, 27, 31, 42, 200, 206, 295, 
Bengalen 307, 309­311, 312­313, 315­316 296, 307, 310­311, 336, 351, 428­429 
Berbice 26, 169­170, 219, 250, 251­254, 256, 257­ Indonesië 14, 18, 19, 27, 53­54, 56, 60, 64, 65, 
258, 259, 260­261, 304, 341, 345, 368, 426, 459 70, 71, 81, 85, 107, 119, 122, 169, 172, 189, 191, 
Bonaire 14, 18, 65, 66, 67, 106­106, 116­117, 127­128198, ­200, 223, 318, 319, 321, 389, 391, 429, 433, 
139, 193­194, 225, 226, 229, 435­436 435­436, 438­439, 440
Brazilië 26, 154, 168, 275, 276­278, 279, 282­283, 
284­285, 287, 290, 338, 340, 350­351, 358, 359, Java 71, 106, 114, 142­143, 145­147, 169, 173­182, 
362, 394, 401, 426, 429 289­290, 304, 319, 363, 402, 414, 430
Nederlands­Brazilië 218­219, 274, 275, 277, 282, 
283, 385, 389 Kaapkolonie (ZuidAfrika) 27­ , 49, 294, 295­
Portugees­Brazilië 371 297, 307, 310, 383 / Kaapstad 297, 301
Caribisch gebied 65, 79, 96, 100, 140, 158, 161, 166, Loango­kust 255, 286­287
169, 196, 204, 206, 220, 226, 234, 242, 248, 251, 
254, 256­257, 267, 268, 272, 285, 305, 340, 345, Madagaskar 295­296, 300, 402, 429­430
371, 372, 373­376, 379, 390, 438 Makassar 148, 310­311, 315, 319, 321, 324, 326­
Cochin 310­311, 312­314, 315­316, 393 327, 372
Congo 241, 255, 283, 287, 347, 402 Martinique 112, 152
Coro (Venezuela) 230, 371, 373, 379 Mauritius 148, 212, 295­296, 301, 429
Cuba 112, 148, 154, 168, 248 Mozambique 296, 402
Curaçao 14, 18, 27, 50, 57, 62, 65, 66, 67, 72­73,,  74 Middelburg 30, 43, 333, 366­367, 395
85, 103, 106­107, 113, 116­117, 127­128, 133, 135Mrauk U 309, , 312
139, 151, 153­155, 156­158, 184, 191, 193, 195, 202, 
224, 226­227, 228, 229­231, 232, 233­234, 235, Nieuw­Amsterdam 263, 265, 266­268, 285
248, 263, 266, 272­273, 285, 340, 361, 369, 371, Nieuw­Nederland 26, 263, 264, 266­268, 271­
372, 373­374, 375, 377­378, 379, 384­385, 389, 273, 367­369, 385, 426
435­436, 438 Nederland passim
Demerara 26, 219, 251, 252, 254­255, 256, 257­258, Paramaribo 69, 153, 187, 193, 239, 243­246, 361, 
259, 260, 261, 304 384
— — 474799 — —
