— STAAT EN SLAVERNIJ —
Portugal 218, 284, 355, 398
Puerto Rico 112, 154, 229, 379
Rotterdam 13, 30, 39, 43­46, 48, 95, 104, 169, 184, 
185, 395­398, 432
Saba 14, 18, 112, 116, 128, 139, 225, 226, 230, 234, 
435­436
Santo Domingo 112, 133, 229
Sint­Eustatius 14, 18, 107, 112, 116, 122­123, 128, 138, 
158, 184, 187, 226­227, 373­374, 388, 435­436
Sint­Maarten 14, 18, 103, 112, 116, 128, 139, 202, 
225, 226, 230­231, 234, 435­436
Sint­Thomas 112, 154, 371, 374, 379, 386
Sumatra 71, 106, 146, 182, 223, 289, 290, 291­292, 
319
Suriname 14, 18, 19, 25, 26, 27­28, 30, 50, 53­54, 
55­56, 60, 62, 64, 65, 68­70, 75, 76, 78, 83, 84­85, 
93, 96, 103­104, 107, 110, 111, 112­113, 116­119, 122, 
124, 127­129, 131, 133­134, 135­136, 138­141, 143, 
145, 152­155, 156­158, 166, 180, 182, 184, 186, 188, 
190, 191, 193, 194­195, 198­199, 202­,220 219, 236, 
237, 238, 239­242, 243, 244­246, 248, 250, 252, 
258, 260­261, 268, 284, 285, 290, 291­292, 304, 
340, 344, 359, 368, 371, 383­386, 387, 388, 389, 
390­391, 394, 401, 414, 417, 418, 422, 429­430, 
433, 435­436, 438­440, 
Utrecht 13, 30, 38, 39­41, 42­43, 45, 47, 48, 49, 344, 
364, 368, 397, 439
Venezuela 248, 251, 258
Willemstad 129, 227, 228, 230, 373­374, 375, 377, 
438
Zeeland 81, 255, 334, 344, 353, 360, 364, 366, 368, 
408
— 480 —
