Directie Kennis | DEFINITIEF | Referentieraming 2023 | 1 mei 2023 
3 Resultaten op hoofdlijnen 
3.1 Landelijke raming van onderwijsdeelname en diploma’s 
Tabel 1 Deelname per onderwijstype (x 1.000 leerlingen/studenten) 
realisatie  raming 
 
  2021 2022 2023 2024 2025 2026 2027 2028 2029 
  
         
bao 1370,6 1366,6 1373,1 1370,9 1374,5 1368,9 1366,4 1369,3 1380,3 
sbao 35,4 34,3 33,7 33,2 33,0 32,9 32,7 32,8 32,9 
so-wec 33,7 33,9 34,5 34,6 34,7 34,6 34,4 34,3 34,4 
vso-wec 37,9 38,1 38,9 39,7 40,3 40,7 40,8 41,0 41,2 
totaal po 1477,6 1472,9 1480,1 1478,4 1482,4 1477,1 1474,4 1477,4 1488,8 
  
         
vo 1-2 377,8 387,4 395,0 388,4 376,6 372,0 369,0 367,1 365,4 
vmbo 3+ 184,7 187,5 193,4 195,8 197,6 194,3 188,6 186,0 184,4 
havo/vwo 3 91,6 91,4 92,3 93,4 94,1 91,5 90,2 90,8 89,8 
havo/vwo 4+ 245,9 241,2 236,2 235,1 236,5 238,4 237,4 234,5 232,8 
pro 29,7 29,1 29,1 29,2 29,2 28,9 28,7 28,6 28,7 
vavo vo 4,5 5,0 6,0 6,1 6,0 6,0 6,0 6,0 5,9 
totaal vo 934,2 941,6 952,1 948,1 940,0 931,1 919,8 913,0 907,0 
  
         
vavo roc 7,0 7,1 7,3 7,3 7,3 7,3 7,4 7,5 7,5 
  
         
bol 371,9 346,9 339,7 347,0 353,0 360,1 366,6 366,5 362,6 
bbl 129,3 136,6 131,1 121,2 116,2 111,3 105,8 103,5 102,2 
totaal mbo 501,2 483,5 470,8 468,2 469,3 471,4 472,5 470,0 464,9 
  
         
vt-hbo-ass. degree 12,1 12,8 13,1 13,2 13,2 13,0 12,9 12,9 13,0 
vt-hbo-bachelor 412,6 398,1 393,0 383,2 374,3 367,6 361,8 357,6 354,1 
vt-hbo-master 6,4 6,5 6,6 6,9 7,1 7,3 7,6 7,8 8,1 
dt-hbo-ass. degree 7,6 8,2 8,6 9,0 9,3 9,5 9,8 10,2 10,6 
dt-hbo-bachelor 43,3 42,3 41,9 41,7 41,6 41,6 41,6 41,6 41,7 
dt-hbo-master 8,4 8,2 8,1 8,1 8,1 8,1 8,2 8,2 8,2 
totaal hbo 490,5 476,1 471,3 462,0 453,6 447,2 441,9 438,3 435,6 
  
         
vt-wo bachelor 212,4 215,7 220,5 221,0 219,9 217,6 216,3 216,6 218,2 
vt-wo master 124,7 121,4 126,5 132,2 136,6 139,5 141,3 142,2 142,8 
dt-wo bachelor 1,7 1,5 1,4 1,4 1,4 1,4 1,4 1,3 1,3 
dt-wo master 3,3 3,2 3,1 3,1 3,1 3,1 3,1 3,1 3,2 
totaal wo 342,1 341,9 351,5 357,7 360,9 361,6 362,0 363,2 365,5 
  
         
totaal 3752,5 3723,1 3733,0 3721,8 3713,5 3695,7 3678,0 3669,4 3669,3 
 
  
Pagina 10 van 120
