Directie Kennis | DEFINITIEF | Referentieraming 2023 | 1 mei 2023 
Tabel 2 Diploma’s per onderwijstype (aantallen x 1.000) 
realisatie  raming 
  
  2020/21 2021/22 2022/23 2023/24 2024/25 2025/26 2026/27 2027/28 2028/29 
  
         
vmbo 91,9 86,4 82,6 87,0 87,8 88,7 89,1 85,8 83,8 
havo 49,0 45,4 44,7 43,7 43,4 43,7 44,2 44,7 44,1 
vwo 36,8 35,6 34,6 33,2 31,9 31,6 31,8 32,1 32,3 
totaal vo 177,7 167,4 161,9 163,9 163,1 164,0 165,1 162,5 160,2 
  
         
vavo 4,9 6,7 7,1 7,8 7,8 7,8 7,8 7,8 7,8 
  
         
bol 106,4 103,1 96,8 91,9 89,1 87,7 87,5 89,3 89,9 
bbl 50,8 48,9 51,8 53,3 54,0 54,4 54,7 51,6 50,4 
totaal mbo 157,2 152,0 148,6 145,2 143,1 142,1 142,2 140,9 140,2 
  
         
hbo-ass. degree 4,2 4,8 5,1 5,3 5,5 5,5 5,5 5,6 5,6 
hbo-bachelor 70,8 66,3 67,1 68,7 66,0 63,0 62,7 61,7 60,4 
hbo-master 4,6 4,7 4,8 4,7 4,8 4,9 5,0 5,0 5,1 
totaal hbo 79,5 75,8 77,1 78,7 76,2 73,4 73,2 72,3 71,2 
  
         
wo-bachelor 39,3 38,8 41,5 42,6 42,2 42,9 42,9 42,0 41,4 
wo-master 51,3 51,2 51,1 51,9 54,1 56,4 57,8 58,6 59,0 
totaal wo 90,5 89,9 92,6 94,5 96,3 99,3 100,7 100,7 100,4 
  
         
totaal 509,8 491,9 487,3 490,0 486,5 486,6 488,8 484,2 479,8 
 
  
Pagina 11 van 120
