Directie Kennis | DEFINITIEF | Referentieraming 2023 | 1 mei 2023 
Tabel 3 Deelname per onderwijstype (geïndexeerd op 2022 = 100) 
realisatie raming 
 
  2022 2023 2024 2025 2026 2027 2028 2029 
  
        
bao 100 100 100 101 100 100 100 101 
sbao 100 98 97 96 96 95 95 96 
so-wec 100 102 102 102 102 102 101 101 
vso-wec 100 102 104 106 107 107 108 108 
totaal po 100 100 100 101 100 100 100 101 
  
        
vo 1-2 100 102 100 97 96 95 95 94 
vmbo 3+ 100 103 104 105 104 101 99 98 
havo/vwo 3 100 101 102 103 100 99 99 98 
havo/vwo 4+ 100 98 97 98 99 98 97 97 
pro 100 100 101 100 99 99 98 99 
vavo vo 100 119 120 119 119 119 118 117 
totaal vo 100 101 101 100 99 98 97 96 
  
        
vavo roc 100 102 103 103 103 104 105 105 
  
        
bol 100 98 100 102 104 106 106 105 
bbl 100 96 89 85 81 77 76 75 
totaal mbo 100 97 97 97 97 98 97 96 
  
        
vt-hbo-ass. degree 100 103 104 103 102 101 101 102 
vt-hbo-bachelor 100 99 96 94 92 91 90 89 
vt-hbo-master 100 102 107 110 113 117 121 125 
dt-hbo-ass. degree 100 105 110 113 117 120 125 129 
dt-hbo-bachelor 100 99 98 98 98 98 98 99 
dt-hbo-master 100 98 98 98 99 99 99 99 
totaal hbo 100 99 97 95 94 93 92 91 
  
        
vt-wo-bachelor 100 102 102 102 101 100 100 101 
vt-wo-master 100 104 109 112 115 116 117 118 
dt-wo-bachelor 100 95 92 91 89 88 88 88 
dt-wo-master 100 97 96 97 97 98 98 98 
totaal wo 100 103 105 106 106 106 106 107 
  
        
totaal 100 100 100 100 99 99 99 99 
  
Pagina 12 van 120
