Directie Kennis | DEFINITIEF | Referentieraming 2023 | 1 mei 2023 
Tabel 5 Deelname per onderwijstype (verschil met referentieraming 2022, x 1.000 
leerlingen/studenten) 
realisatie  raming 
 
  2021 2022 2023 2024 2025 2026 2027 2028 2029 
  
         
bao -0,3 6,9 24,4 28,2 27,6 17,7 6,5 -2,7 -8,9 
sbao 0,0 -0,8 -1,2 -1,5 -1,7 -1,9 -2,1 -2,2 -2,3 
so-wec 0,0 -0,6 -0,7 -1,1 -1,5 -2,0 -2,5 -3,0 -3,4 
vso-wec 0,3 -0,1 -0,2 -0,1 -0,2 -0,4 -0,7 -1,0 -1,2 
totaal po 0,0 5,4 22,4 25,5 24,2 13,4 1,2 -9,0 -15,8 
  
         
vo 1-2 0,0 8,2 17,1 16,7 13,8 11,7 9,9 10,1 10,7 
vmbo 3+ 0,1 1,8 5,1 7,2 9,9 10,2 9,8 9,8 9,2 
havo/vwo 3 0,0 -2,1 -2,7 -1,1 -0,5 -0,8 -0,9 -1,2 -1,1 
havo/vwo 4+ -0,1 -4,4 -8,9 -11,6 -12,2 -11,2 -10,3 -10,1 -10,0 
pro 0,0 -0,7 -0,8 -0,8 -1,0 -1,2 -1,5 -1,7 -1,7 
vavo vo 0,0 -0,3 0,0 0,0 -0,1 -0,2 -0,3 -0,3 -0,2 
totaal vo 0,0 2,4 9,7 10,3 10,0 8,5 6,7 6,6 6,7 
  
         
vavo roc 0,0 -0,2 -0,3 -0,4 -0,4 -0,4 -0,5 -0,5 -0,5 
  
         
bol -0,6 -14,0 -18,4 -13,3 -13,2 -8,9 -3,4 -1,0 -0,6 
bbl -0,8 5,4 7,0 5,7 9,8 9,6 6,5 5,6 5,5 
totaal mbo -1,4 -8,6 -11,4 -7,5 -3,4 0,7 3,1 4,6 4,9 
  
         
vt-hbo-ass. degree 0,0 0,1 -0,1 -0,6 -1,1 -1,7 -2,2 -2,7 -3,0 
vt-hbo-bachelor 0,0 -10,4 -12,0 -15,0 -16,1 -15,7 -14,7 -12,5 -10,7 
vt-hbo-master 0,0 0,0 -0,1 -0,1 -0,1 -0,2 -0,2 -0,3 -0,1 
dt-hbo-ass. degree 0,0 0,0 -0,1 -0,1 -0,1 -0,2 -0,2 -0,2 -0,1 
dt-hbo-bachelor 0,0 -2,3 -3,9 -5,0 -5,7 -6,2 -6,5 -6,8 -6,9 
dt-hbo-master 0,0 -0,6 -1,1 -1,3 -1,4 -1,5 -1,5 -1,5 -1,5 
totaal hbo -0,1 -13,3 -17,3 -22,0 -24,6 -25,4 -25,4 -24,0 -22,3 
  
         
vt-wo-bachelor -0,1 -3,0 -2,3 -4,9 -8,0 -12,8 -17,6 -21,4 -22,9 
vt-wo-master 0,0 -8,4 -9,1 -9,2 -10,2 -11,7 -13,6 -16,1 -17,6 
dt-wo-bachelor 0,0 -0,1 -0,2 -0,3 -0,3 -0,3 -0,4 -0,4 -0,4 
dt-wo-master 0,0 -0,1 -0,3 -0,4 -0,5 -0,5 -0,6 -0,6 -0,7 
totaal wo -0,1 -11,6 -11,9 -14,7 -19,0 -25,3 -32,2 -38,6 -41,6 
  
         
totaal -1,5 -25,8 -8,9 -8,8 -13,1 -28,5 -47,0 -60,8 -68,6 
  
Pagina 14 van 120
