Directie Kennis | DEFINITIEF | Referentieraming 2023 | 1 mei 2023 
Tabel 6 Diploma’s per onderwijstype (verschil met referentieraming 2022, aantallen x 1.000) 
realisatie  raming 
 
  2020/21 2021/22 2022/23 2023/24 2024/25 2025/26 2026/27 2027/28 2028/29 
  
         
vmbo 0,1 1,0 -1,5 1,5 1,7 3,2 3,9 3,4 3,2 
havo 0,0 0,4 -1,9 -2,6 -2,8 -3,1 -2,7 -2,3 -2,3 
vwo 0,0 -0,1 -0,9 -2,1 -2,8 -3,5 -3,9 -3,6 -3,4 
totaal vo 0,2 1,3 -4,3 -3,1 -3,9 -3,4 -2,7 -2,5 -2,5 
  
         
vavo 0,0 0,4 -0,3 0,0 -0,1 -0,2 -0,2 -0,3 -0,3 
  
         
bol -0,1 -3,0 -8,4 -11,0 -11,2 -11,0 -11,7 -10,1 -9,4 
bbl 0,1 -1,8 0,8 2,2 2,9 3,4 5,6 3,5 2,7 
totaal mbo 0,0 -4,8 -7,5 -8,8 -8,3 -7,5 -6,1 -6,7 -6,7 
  
         
hbo-ass. degree 0,0 0,5 0,6 0,7 0,8 0,7 0,7 0,6 0,6 
hbo-bachelor 0,1 -4,9 -4,8 -5,3 -7,6 -9,4 -9,0 -9,1 -9,5 
hbo-master 0,0 0,0 0,1 -0,2 -0,2 -0,2 -0,2 -0,2 -0,2 
totaal hbo 0,1 -4,4 -4,1 -4,8 -7,0 -8,9 -8,6 -8,8 -9,1 
  
         
wo-bachelor 0,0 -1,5 -0,4 -0,3 -1,0 -0,5 -0,7 -1,7 -2,6 
wo-master 0,1 -1,9 -3,7 -4,6 -4,2 -3,6 -3,5 -3,6 -4,0 
totaal wo 0,1 -3,4 -4,1 -4,8 -5,2 -4,1 -4,2 -5,3 -6,6 
  
         
totaal 0,4 -10,9 -20,4 -21,5 -24,6 -24,1 -21,7 -23,5 -25,2 
  
Pagina 15 van 120
