Directie Kennis | DEFINITIEF | Referentieraming 2023 | 1 mei 2023 
Tabel 69 Opbouw van RR2023 voor 2023 in stappen 
RR2023  
  RR2022 A RR2022 kaal B bev prog C RR2023 kaal D RR2023 extrapolaties E RR2023 sturingen F RR2023 RR2023 -/- RR2022 
               
bao 1348,7 0,1 1348,7 21,1 1369,9 -5,3 1364,5 0,0 1364,5 8,6 1373,1 0,0 1373,1 24,4 
sbao 34,9 0,0 34,9 0,5 35,4 -1,9 33,6 0,0 33,6 0,1 33,7 0,0 33,7 -1,2 
so-wec 35,1 0,0 35,1 1,1 36,2 -2,0 34,2 0,0 34,2 0,3 34,5 0,0 34,5 -0,7 
vso-wec 39,0 -0,2 38,9 0,5 39,4 -0,8 38,6 0,0 38,7 0,2 38,9 0,0 38,9 -0,2 
totaal po 1457,8 -0,1 1457,6 23,2 1480,9 -10,0 1470,9 0,0 1470,9 9,2 1480,1 0,0 1480,1 22,4 
               
vo 1-2 377,9 1,6 379,5 9,9 389,4 4,0 393,3 0,0 393,3 1,7 395,0 0,0 395,0 17,1 
vmbo 3+ 188,4 -2,5 185,8 0,9 186,8 5,6 192,4 -0,1 192,3 1,1 193,4 0,0 193,4 5,1 
havo/vwo 3 95,0 -0,2 94,8 0,7 95,5 -3,4 92,0 0,1 92,1 0,1 92,3 0,0 92,3 -2,7 
havo/vwo 4+ 245,1 -0,7 244,5 1,6 246,1 -9,4 236,7 0,3 237,0 -0,8 236,2 0,0 236,2 -8,9 
pro 30,0 -0,1 29,8 0,3 30,2 -1,2 29,0 0,0 29,1 0,1 29,1 0,0 29,1 -0,8 
vavo vo 6,0 -1,2 4,9 0,1 5,0 0,2 5,2 0,0 5,2 0,8 6,0 0,0 6,0 0,0 
totaal vo 942,4 -3,1 939,3 13,6 952,9 -4,2 948,7 0,3 948,9 3,1 952,1 0,0 952,1 9,7 
               
vavo roc 7,5 0,4 7,9 0,2 8,1 -0,8 7,3 0,0 7,3 0,0 7,3 0,0 7,3 -0,3 
               
bol 358,1 -5,4 352,7 3,2 355,9 -23,4 332,5 -0,4 332,1 -1,5 330,6 9,0 339,7 -18,4 
bbl 124,1 7,8 131,9 1,4 133,3 6,9 140,2 0,1 140,3 -0,2 140,1 -9,0 131,1 7,0 
totaal mbo 482,1 2,5 484,6 4,6 489,2 -16,5 472,7 -0,3 472,4 -1,7 470,8 0,0 470,8 -11,4 
               
vt-hbo-ass. degree 13,3 -0,6 12,7 0,2 12,9 0,1 13,0 0,2 13,2 0,0 13,1 0,0 13,1 -0,1 
vt-hbo-bachelor 405,0 2,8 407,8 5,4 413,2 -26,3 387,0 -1,1 385,9 7,1 393,0 0,0 393,0 -12,0 
vt-hbo-master 6,7 -0,1 6,6 0,0 6,6 0,0 6,6 0,0 6,6 0,0 6,6 0,0 6,6 -0,1 
dt-hbo-ass. degree 8,7 -0,2 8,4 0,1 8,5 0,0 8,5 0,1 8,6 0,0 8,6 0,0 8,6 -0,1 
dt-hbo-bachelor 45,8 0,0 45,8 0,3 46,0 -4,3 41,7 0,0 41,8 0,1 41,9 0,0 41,9 -3,9 
dt-hbo-master 9,2 0,0 9,2 0,1 9,2 -1,2 8,1 0,0 8,1 0,0 8,1 0,0 8,1 -1,1 
totaal hbo 488,6 1,9 490,5 6,0 496,6 -31,7 464,8 -0,7 464,1 7,2 471,3 0,0 471,3 -17,3 
               
vt-wo-bachelor 222,8 -0,7 222,1 7,5 229,6 -12,9 216,7 0,1 216,9 3,6 220,5 0,0 220,5 -2,3 
vt-wo-master 135,6 -0,7 134,9 0,6 135,4 -13,8 121,6 0,1 121,7 4,8 126,5 0,0 126,5 -9,1 
dt-wo-bachelor 1,7 0,0 1,7 0,0 1,7 -0,2 1,5 0,0 1,5 0,0 1,4 0,0 1,4 -0,2 
dt-wo-master 3,4 0,0 3,4 0,0 3,4 -0,3 3,1 0,0 3,1 0,0 3,1 0,0 3,1 -0,3 
totaal wo 363,5 -1,4 362,0 8,1 370,1 -27,2 342,9 0,2 343,2 8,4 351,5 0,0 351,5 -11,9 
               
totaal 3741,9 0,2 3742,0 55,6 3797,7 -90,3 3707,3 -0,5 3706,8 26,2 3733,0 0,0 3733,0 -8,9 
 
Pagina 98 van 120
