Vroegboeken Ministerie van 
Vroegboeken Ministerie van 
BZK
Buitenlandse Zaken
140
350
120
300
100
250
80
200
60
150
100 40
20
50
0
0
# dagen
# dagen
Vroegboeken Ministerie van Vroegboeken Ministerie van EZ
300
Defensie
250
2500
200
2000
150
1500
1000 100
500 50
0 0
# dagen # dagen
Vroegboeken Ministerie van 
Vroegboeken Ministerie van 
Infrastructuur & Milieu
Financiën
200
120
100
150
80
100
60
40
50
20
0
0
# dagen
# dagen
Vroegboeken Ministerie van 
Vroegboeken Ministerie van 
SZW
OCW
20
60
50
15
40
10
30
20
5
10
0
0
# dagen
# dagen
Vroegboeken Ministerie van 
Vroegboeken Ministerie van 
VWS
V&J
100
1000
80
800
60
600
40
400
200 20
0 0
# dagen # dagen
  
32  |   
 
# tickets # tickets # tickets # tickets
# tickets
0
0
0
0 0
19
19
19
20 20
38
38
38
40 40
57
57
57
60 60
76
76
76
80 80
95
95
95
100 100
114
114
114
120 120
133
133
133
140 140
152
152
152
160 160
171
171
171
180 180
190
190
190
200 200
209
209
209
220 220
228
228
228
240 247 240
247
247
260 260
266
266
266
280 280
285
285
285
300 300
304 304
304
320 320
323 323
323
340 342 342 340
342
360 360
361 361
361
# tickets # tickets # tickets
# tickets # tickets
0
0
0 0 0
19
19 19
19 19
38
38 38
38 38
57
57 57
57 57
76
76
76 76 76
95
95
95 95 95
114
114 114
114 114
133
133 133
133 133
152
152 152
152 152
171
171
171 171 171
190
190
190 190 190
209
209
209 209 209
228
228 228
228 228
247
247 247
247 247
266
266
266 266 266
285 285
285 285 285
304 304
304 304 304
323
323 323
323 323
342 342 342
342 342
361 361 361
361 361
