Studie (1)
Herkomst Soort HO 2015 2016 2017 2018 2019 2020 2021 verschil 2021 tov 2020
EER totaal 16.837 19.375 21.485 23.525 24.805 26.763 30.756 3.993 15%
niet-EER totaal 6.809 7.227 8.599 9.671 10.365 9.980 12.293 2.313 23%
NL totaal 122.299 128.784 136.729 140.352 141.957 159.076 140.823 -18.253 -11%
EER hbo 5.954 6.102 6.554 6.693 7.576 7.329 8.047 718 10%
niet-EER hbo 1.776 1.770 2.294 2.401 2.496 2.420 2.764 344 14%
NL hbo 82.319 87.133 91.506 93.407 94.755 105.689 92.908 -12.781 -12%
EER wo 10.883 13.273 14.931 16.832 17.229 19.434 22.709 3.275 17%
niet-EER wo 5.033 5.457 6.305 7.270 7.869 7.560 9.529 1.969 26%
NL wo 39.980 41.651 45.223 46.945 47.202 53.387 47.915 -5.472 -10%
