Tweede Kamer, vergaderjaar 2022–2023, 36 360 A, nr. 4 18
Totaal 
12 Hoofdwegennet mutatie 2022 2023 2024 2025 2026 2027 2028 2029 2030 2031 2032 2033 2034 2035 2036
Totaal Ontvangsten stand 
ontwerpbegroting 2022 
Hoofdwegennet 27.724 55.351 60.026 65.357 59.088 47.749 56.386 90.567 46.186 46.188 46.186 137.119 71.131 51.329 51.329
Totaal Ontvangsten stand eerste 
suppletoire wet 2022 Hoofdwegennet 155.446 10.972 39.936 41.365 47.484 60.655 70.896 123.130 78.524 51.822 46.186 137.119 71.131 51.329 51.329
Totaal Ontvangsten stand 
ontwerpbegroting 2023 
Hoofdwegennet 155.503 8.307 44.797 49.951 59.676 70.975 81.082 134.384 89.766 61.686 55.759 151.386 74.802 53.978 53.978
Totaal Ontvangsten stand tweede 
suppletoire wet 2022 Hoofdwegennet 52.199 8.307 44.797 49.951 59.676 70.975 81.082 134.384 89.766 61.686 55.759 151.386 74.802 53.978 53.978
Totaal Ontvangsten realisatie 2022 
Hoofdwegennet 21.433 8.307 44.797 49.951 59.676 70.975 81.082 134.384 89.766 61.686 55.759 151.386 74.802 53.978 53.978
