Artikel 15 Hoofdvaarwegennet
Tweede Kamer, vergaderjaar 2022–2023, 36 360 A, nr. 4 25
Tabel 5 Artikel 15 (bedragen x € 1 miljoen)
Totaal 
15 Hoofdvaarwegennet mutatie 2022 2023 2024 2025 2026 2027 2028 2029 2030 2031 2032 2033 2034 2035 2036
Ontwerpbegroting 2022 
artikelonderdeel 15.01 Exploitatie 10.433 9.654 9.344 9.187 9.187 9.187 9.187 9.187 9.187 9.187 9.187 9.187 9.187 9.187 9.187
Mutaties Voorjaarsnota 2022
Stand eerste suppletoire wet 2022 
artikelonderdeel 15.01 Exploitatie 10.433 9.654 9.344 9.187 9.187 9.187 9.187 9.187 9.187 9.187 9.187 9.187 9.187 9.187 9.187
Mutaties Miljoenennota 2023 539 498 482 474 474 474 474 474 474 474 474 474 474 474 474
Stand ontwerpbegroting 2023 
artikelonderdeel 15.01 Exploitatie 10.972 10.152 9.826 9.661 9.661 9.661 9.661 9.661 9.661 9.661 9.661 9.661 9.661 9.661 9.661
Mutaties Najaarsnota 2022
Stand tweede suppletoire wet 2022 
artikelonderdeel 15.01 Exploitatie 10.972 10.152 9.826 9.661 9.661 9.661 9.661 9.661 9.661 9.661 9.661 9.661 9.661 9.661 9.661
Mutaties Slotwet 2022
Realisatie 2022 artikelonderdeel 15.01 
Exploitatie 10.972 10.152 9.826 9.661 9.661 9.661 9.661 9.661 9.661 9.661 9.661 9.661 9.661 9.661 9.661
Ontwerpbegroting 2022 
artikelonderdeel 15.02 Onderhoud en 
vernieuwing 450.556 460.281 396.001 428.415 341.046 258.768 227.226 212.064 192.237 345.086 358.826 376.222 402.194 376.222 376.222
Mutaties Voorjaarsnota 2022 77.180 79.027 55.770 2.460 ‒ 7.724 ‒ 2.439 1.617 1.120 ‒ 11 ‒ 42.716 ‒ 42.706 ‒ 42.705 328
Stand eerste suppletoire wet 2022 
artikelonderdeel 15.02 Onderhoud en 
vernieuwing 527.736 539.308 451.771 430.875 333.322 256.329 228.843 213.184 192.226 302.370 316.120 333.517 402.522 376.222 376.222
Mutaties Miljoenennota 2023 14.128 52.650 292.756 273.180 18.816 14.022 12.713 11.102 10.052 15.608 16.317 17.215 20.778 19.420 19.420
Stand ontwerpbegroting 2023 
artikelonderdeel 15.02 Onderhoud en 
vernieuwing 541.864 591.958 744.527 704.055 352.138 270.351 241.556 224.286 202.278 317.978 332.437 350.732 423.300 395.642 395.642
Mutaties Najaarsnota 2022 ‒ 20.350 0 0 0
Stand tweede suppletoire wet 2022 
artikelonderdeel 15.02 Onderhoud en 
vernieuwing 521.514 591.958 744.527 704.055 352.138 270.351 241.556 224.286 202.278 317.978 332.437 350.732 423.300 395.642 395.642
Saldo 2022 Onderhoud en 
vernieuwing ‒ 9.866 ‒ 9.866
Mutaties Slotwet 2022 ‒ 9.866
Realisatie 2022 artikelonderdeel 15.02 
Onderhoud en vernieuwing 511.648 591.958 744.527 704.055 352.138 270.351 241.556 224.286 202.278 317.978 332.437 350.732 423.300 395.642 395.642
Ontwerpbegroting 2022 
artikelonderdeel 15.03 Ontwikkeling 357.466 184.835 219.754 259.425 266.798 168.340 58.197 137.443 141.008 118.906 143.572 78.712 259.598 56.892 42.515
Mutaties Voorjaarsnota 2022 ‒ 36.588 ‒ 91.823 ‒ 24.891 26.333 436.420 9.390 29.932 21.966 58.188 49.996 39.874 38.584 ‒ 2.851 ‒ 9.128
Stand eerste suppletoire wet 2022 
artikelonderdeel 15.03 Ontwikkeling 320.878 93.012 194.863 285.758 703.218 177.730 88.129 159.409 199.196 168.902 183.446 117.296 256.747 47.764 42.515
‒ ‒ ‒ 
Mutaties Miljoenennota 2023 58.150 126.565 15.669 4.386 ‒ 9.882 84.338 208.703 97.804 111.699 ‒ 86.505 101.048 ‒ 34.748 163.682 50.750 55.498
