Tweede Kamer, vergaderjaar 2022–2023, 36 360 A, nr. 4 26
Totaal 
15 Hoofdvaarwegennet mutatie 2022 2023 2024 2025 2026 2027 2028 2029 2030 2031 2032 2033 2034 2035 2036
Stand ontwerpbegroting 2023 
artikelonderdeel 15.03 Ontwikkeling 379.028 219.577 210.532 290.144 693.336 262.068 296.832 257.213 87.497 82.397 82.398 82.548 93.065 98.514 98.013
Mutaties Najaarsnota 2022 45.032
Stand tweede suppletoire wet 2022 
artikelonderdeel 15.03 Ontwikkeling 424.060 219.577 210.532 290.144 693.336 262.068 296.832 257.213 87.497 82.397 82.398 82.548 93.065 98.514 98.013
Bijdragen derden programma 
Goederenvervoercorridors 122 122
HXII: Saldo Topsector Logistiek 549 549
Saldo 2022 Ontwikkeling ‒ 34.273 ‒ 34.273
Mutaties Slotwet 2022 ‒ 33.602
Realisatie 2022 artikelonderdeel 15.03 
Ontwikkeling 390.457 219.577 210.532 290.144 693.336 262.068 296.832 257.213 87.497 82.397 82.398 82.548 93.065 98.514 98.013
Ontwerpbegroting 2022 
artikelonderdeel 15.04 Geïntegreerde 
contractvormen/PPS 106.058 106.045 91.657 59.778 55.128 54.686 62.296 54.534 53.540 59.873 49.100 48.885 42.085 42.393 40.618
Mutaties Voorjaarsnota 2022 72.769 7.761 ‒ 3.399 3.938 ‒ 1.539 ‒ 1.095 ‒ 8.763 ‒ 1.094 ‒ 1.009 ‒ 7.280 2.832 4.121 9.023 9.128
Stand eerste suppletoire wet 2022 
artikelonderdeel 15.04 Geïntegreerde 
contractvormen/PPS 178.827 113.806 88.258 63.716 53.589 53.591 53.533 53.440 52.531 52.593 51.932 53.006 51.108 51.521 40.618
Mutaties Miljoenennota 2023 7.007 4.155 2.858 1.568 1.044 1.045 1.042 1.037 1.024 1.021 998 1.017 981 944 918
Stand ontwerpbegroting 2023 
artikelonderdeel 15.04 Geïntegreerde 
contractvormen/PPS 185.834 117.961 91.116 65.284 54.633 54.636 54.575 54.477 53.555 53.614 52.930 54.023 52.089 52.465 41.536
Mutaties Najaarsnota 2022 ‒ 26.423
Stand tweede suppletoire wet 2022 
artikelonderdeel 15.04 Geïntegreerde 
contractvormen/PPS 159.411 117.961 91.116 65.284 54.633 54.636 54.575 54.477 53.555 53.614 52.930 54.023 52.089 52.465 41.536
Saldo 2022 Geïntegreerde 
contractvormen 6.232 6.232
Mutaties Slotwet 2022 6.231
Realisatie 2022 artikelonderdeel 15.04 
Geïntegreerde contractvormen/PPS 165.643 117.961 91.116 65.284 54.633 54.636 54.575 54.477 53.555 53.614 52.930 54.023 52.089 52.465 41.536
Ontwerpbegroting 2022 
artikelonderdeel 15.06 
Netwerkgebonden kosten HVWN 371.163 368.925 368.112 358.702 323.834 325.210 328.000 328.002 327.779 327.779 327.779 327.779 327.779 327.779 327.779
Mutaties Voorjaarsnota 2022 1.876 2.576 3.652 2.700 1.886 1.886 750 1.250
Stand eerste suppletoire wet 2022 
artikelonderdeel 15.06 
Netwerkgebonden kosten HVWN 373.039 371.501 371.764 361.402 325.720 327.096 328.750 329.252 327.779 327.779 327.779 327.779 327.779 327.779 327.779
Mutaties Miljoenennota 2023 39.588 40.080 13.460 13.126 11.976 12.034 12.056 12.072 12.025 12.025 11.325 11.325 11.325 11.325 11.325
Stand ontwerpbegroting 2023 
artikelonderdeel 15.06 
Netwerkgebonden kosten HVWN 412.627 411.581 385.224 374.528 337.696 339.130 340.806 341.324 339.804 339.804 339.104 339.104 339.104 339.104 339.104
Mutaties Najaarsnota 2022 2.903
