Sport 1, 5, 6, 8, 11, 15, 16, 17, 30, 36, 37, 73, 83, 84, 85, 86, 87, 99, 101, 
104, 111, 125, 144, 148, 150, 228, 238, 244, 245, 246
Subsidiebeheer 107, 108
Taakstelling 104, 105, 106, 162
Thuiszorg 72, 244
Toegankelijkheid 23, 30, 35, 39, 45, 46, 51, 52, 66
Toezicht 5, 8, 12, 13, 14, 16, 31, 37, 45, 48, 49, 66, 69, 76, 79, 89, 90, 95, 
133, 139, 228, 229, 230, 231, 232, 233, 236, 237
Topsport 83, 84, 85, 87
Tweedelijnszorg 160, 162, 166, 167, 171, 172, 196, 200
Vaccin 35, 38, 42, 50, 70, 125, 127, 182, 196, 217, 219, 244, 245
Verzameluitkering 87, 99
Verzekeraar 19, 21, 57, 150, 151, 188, 190, 191, 193, 204, 230
Verzetsdeelnemer 89, 90, 91, 93, 94, 233, 245
Vrijwilliger 26, 64
Wanbetaler 46, 51, 52, 53, 74, 103, 190, 191, 230, 234
Werkgelegenheid 12, 25, 63, 73, 118, 119, 162, 245
Wet maatschappelijke ondersteuning (Wmo) 55, 74, 76, 95, 158, 184, 185
Wet marktordening gezondheidszorg (Wmg) 13, 14, 45, 68
Wijkverpleegkundige 11, 20, 22
WO II 30, 89, 90, 92, 93, 238
Ziekenhuis 18, 19, 33, 47, 49, 52, 69, 70, 71, 72, 177, 235, 243
Ziekenhuiszorg 52, 68, 209, 215
Ziekenhuizen 12, 18, 19, 31, 32, 46, 49, 50, 68, 70, 72, 75, 106, 146, 152, 
173, 175, 191, 231, 244
Zorgaanbieder 11, 12, 17, 19, 20, 22, 23, 26, 27, 46, 57, 63, 69, 75, 76, 109, 
118, 119, 174, 175, 176, 183, 188, 232
Zorgakkoord 10, 11, 20, 25, 29, 157, 177, 178, 179, 180
Zorginstelling 16, 21, 45, 48, 49, 65, 66, 71, 103, 175, 225, 231, 236, 237, 
242, 246
Zorgopleiding 67, 158, 186, 196, 237
Zorgstandaard 13, 47, 161
Zorgstelsel 13, 23, 30, 45, 66
Zorgtoeslag 45, 95, 96, 97, 98, 108, 148, 194, 246
Zorguitgaven 11, 13, 22, 28, 29, 46, 157, 158, 160, 161, 164, 165, 166, 167, 
171, 174, 182, 183, 187, 190, 191, 195, 198, 202, 203, 204, 205, 206, 207, 
208, 209, 210, 211, 212, 213, 214, 215, 216, 219, 220, 221, 222, 223, 224, 
225, 226, 227, 235
Zorgverzekeraar 12, 17, 18, 19, 20, 23, 29, 45, 47, 74, 76, 107, 161, 167, 
172, 173, 231, 232, 245, 246
Zorgverzekering 46, 51, 56, 65, 67, 69, 75, 95, 97, 102, 109, 157, 170, 175, 
187, 188, 190, 191, 230, 231, 235, 242, 246
Zorgverzekeringswet 45, 47, 74, 76, 95, 157, 158, 160, 166, 167, 168, 175, 
190, 197, 199, 229, 231, 234, 235, 246
Tweede Kamer, vergaderjaar 2014–2015, 34 200 XVI, nr. 1 249
