Srhenvirt
Bijlage
raairichting
Wfr
Runline gegevens
n
n
InfnrmtipHipnçt 1 Jitvnprin
1.
(in graden(
179.36 / 359. 36
kortste langste raai
/ (in kin) 2.32
/ 5.66
slagafstand inultib.
/ padbreedte (in in) 46.57 51.75
/
slagafstanden sonar
(in m) 46.57 46.57
/
overlap (50 %=volledig)
(in %) 10.02 5.19 m(
dieptespeling
zonder overlap (in in)
1.50
Raajnr Sonar StartX
Starty EndX EndY Afstand
Nr
centen 554917.50 5790037.82
554980.73 5784377.14 5661.03
*
21 554975.48 5786700.03 555001.43
5784377.37 2322.80 1
*
67 555022.05 5786700.56 555047.99
5784377.90 2322.80 2
*
114 555068.61
5786701.09 555094.56 5784378.43
2322.80 3
*
160 555115.17
5786701.62 555141.12 5784378.96 2322.80
4
*
207 555161.74
5786702.15 555187.68 5784379.49 2322.80
5
*
254 555208.30 5786702.68 555234.25
5784380.02 2322.81 6
*
300 555254.86 5786703.21 555280.81 5784380.54
2322.81 7
*
347
555301.43 5786703.73 555327.37 5784381.07
2322.81 8
*
393 555347.99
5786704.26 555373.94 5784381.60 2322.81
9
*
440 555394.55 5786704.79
555420.50 5784382.13 2322.81 10
*
486 555441.12 5786705.32
555467.06 5784382.66 2322.81 11
*
533 555487.68 5786705.85 555513.63
5784383.19 2322.81 12
*
579
555534.24 5786706.38 555560.19
5784383.71 2322.81 13
*
626 555580.81
5786706.91 555606.75 5784384.24 2322.81
14
*
673 555627.37 57B6707.44
555653.31 5784384.77 2322.81
15
*
719 555673.93 5786707.96
555699.88 5784385.30 2322.81 16
*
766 555720.50 5786708.49 555746.44
5784385.83 2322.81 17
*
812 555767.06 5786709.02 555793.00 5784386.36
2322.81 18
*
859
555813.62 5786709.55 555839.57 57B4386.88
2322.81 19
*
905 555860.19
5786710.08 555886.13 5784387.41 2322.81
20
*
952 558906.75 5786710.61
555932.69 5784387.94 2322.81 21
999 555953.31 5786711.14
555979.26 5784388.47 2322.81 22
*
1045
555999.88 5786711.66 556025.82 5784389.00
2322.81 23
1092
556046.44 5786712.19 556072.38 5784389.53
2322.81 24
*
1138 556093.00
5786712.72 556118.95 5784390.06 2322.81
25
*
1185 556139.56 5786713.25
556165.51 5784390.58 2322.81 26
*
1231 556186.13 5786713.78
556212.07 5784391.11 2322.81 27
*
1278 556232.69 5786714.31 556258.64
5784391.64 2322.81 28
*
556279.25
1325 5786714.84 556305.20 5784392.17
2322.81 29
*
1371 556288.55
5790051.95 556351.76 5784392.70 5659.60
30
*
1418 556335.11 5790052.49
556398.33 5784393.23 5659.62
31
*
1464 556381.67 5790053.04
556444.89 5784393.75 5659.63 32
*
1511 556428.23 5790053.58 556491.45
5784394.28 5659.65 33
*
1557
556474.80 5790054.12 556538.02 5784394.81
5659.67 34
*
1604
556521.36 5790054.67 556584.58 5784395.34
5659.68 35
*
1651 556567.92 5790055.21
556631.14 5784395.87 5659.70
36
*
1697 556614.49 5790055.76
556677.71 5784396.40 5659.72 37
*
1744 556661.05 5790056.30 556724.27
5784396.92 5659.73 38
*
1790
556707.61 5790056.85 556770.83 5784397.45
5659.75 39
*
1837 556754.18
5790057.39 556817.39 5784397.98 5659.77
40
*
1883 556800.74
5790057.94 556863.96 5784398.51 5659.78
41
*
1930 556847.30 5790058.48
556910.52 5784399.04 5659.80 42
*
1976 556893.87 5790059.03
556957.08 5784399.57 5659.81 43
*
2023 556940.43 5790059.57 557003.65 5784400.09
5659.83 44
2070 556986.99
5790060.12 557050.21 5784400.62 5659.85
45
*
2116 557033.55
5790060.66 557096.77 5784401.15
5659.86 46
*
2163 557080.12 5790061.21
557143.34 5784401.68 5659.88 47
2209 557126.68 5790061.75 557189.90
5784402.21 5659.90 48
*
2256 557173.24 5790062.30 557236.46
5784402.74 5659.91 49
*
2302 557219.81
5790062.84 557283.03 5784403.26
5659.93 50
*
2349 557266.37
5790063.38 557329.59 5784403.79 5659.95
51
*
2396 557312.93 5790063.93
557376.15 5784404.32 5659.96 52
*
2442 557359•5Q 5790064.47 557422.72
5784404.85 5659.98 53
16
21 -11-2011
