3.4 RR2015 (autonoom) 
 
De standaardraming aangevuld met enige technische correcties leidt tot de autonome 
raming, RR2015 (autonoom). Dit is de raming nog zonder de beleidseffecten. 
 
RR2015 (autonoom) 
 2012/13 2013/14 2014/15 2015/16 2016/17 2017/18 2018/19 2019/20 2020/21 2021/22 
 
          
Bao 1497,8 1476,5 1457,4 1435,7 1417,4 1401,5 1390,7 1385,0 1380,4 1376,2 
sbao 39,9 38,1 36,8 36,0 35,5 35,4 35,5 35,7 35,9 35,9 
so-wec 33,3 31,8 31,0 30,7 30,6 30,5 30,5 30,7 30,9 31,2 
vso-wec 36,9 39,2 39,7 39,8 39,8 39,5 38,9 37,9 37,2 36,9 
totaal po 1608,0 1585,7 1564,9 1542,2 1523,3 1506,9 1495,5 1489,3 1484,5 1480,1 
                     
vo-gemeens. 345,6 349,2 351,1 351,1 346,0 336,2 327,6 321,7 319,8 321,4 
152,0 155,4 158,3 159,3 158,4 156,1 151,8 145,7 139,9 135,5 
vmbo3+ 
havovwo3 86,2 87,4 88,3 89,0 89,8 90,3 88,6 86,5 85,3 84,5 
havo/vwo4+ 229,3 230,6 235,2 237,8 239,7 241,5 242,6 241,2 237,0 231,9 
90,5 91,1 90,4 88,5 86,1 83,6 81,7 80,2 79,3 79,2 
lwoo 
pro 27,6 28,6 29,3 29,4 29,0 28,3 27,3 26,4 25,5 25,0 
vavo 8,1 6,0 6,2 6,3 6,5 6,5 6,5 6,5 6,4 6,2 
totaal vo 939,3 948,3 958,7 961,4 955,5 942,5 926,2 908,1 893,3 883,8 
                     
bol 333,4 346,2 356,1 357,4 358,0 363,0 365,8 366,7 366,0 362,2 
132,5 111,7 96,5 95,2 98,6 98,8 99,0 98,6 96,4 93,5 
bbl 
dt-bol 5,0 2,8 0,9 0,5 0,4 0,4 0,4 0,3 0,3 0,3 
totaal mbo 470,9 460,7 453,5 453,1 457,0 462,1 465,2 465,7 462,7 456,0 
                    
 
vt-hbo bachelor 357,0 376,8 385,5 386,6 388,7 390,7 393,1 395,9 398,6 400,2 
vt-hbo master 2,8 3,1 3,3 3,4 3,4 3,4 3,4 3,5 3,5 3,6 
dt-hbo bachelor 43,9 41,5 38,1 34,9 32,5 30,6 29,0 27,5 26,0 24,3 
dt-hbo master 8,2 8,5 8,6 8,5 8,4 8,4 8,3 8,1 7,9 7,7 
totaal hbo 411,9 429,8 435,4 433,4 433,0 433,1 433,8 435,0 435,9 435,8 
                      
vt-wo bachelor 146,9 150,5 153,0 153,7 154,7 156,5 159,0 162,0 165,3 168,6 
vt-wo master 78,6 83,3 85,9 86,0 86,6 87,3 88,3 89,4 90,9 92,9 
dt-wo bachelor 2,9 2,4 2,0 1,7 1,5 1,4 1,3 1,3 1,2 1,2 
dt-wo master 3,9 3,9 3,7 3,3 3,1 2,9 2,7 2,6 2,5 2,4 
totaal wo 232,3 240,1 244,6 244,6 245,9 248,2 251,3 255,3 259,9 265,0 
                    
 
17,7 19,1 20,2 21,0 21,2 20,8 20,2 19,7 19,3 19,1 
vboa 
lwooa 12,6 12,9 13,0 12,9 12,6 12,0 11,5 11,1 10,7 10,5 
18,6 19,1 20,0 20,2 20,4 20,8 21,1 21,1 21,1 20,8 
bola 
10,3 8,8 6,0 5,6 5,7 5,8 5,8 5,8 5,7 5,6 
bbla 
hao 9,3 10,0 10,5 10,7 11,1 11,4 11,8 12,1 12,4 12,7 
7,5 8,3 9,0 9,4 9,8 10,3 10,8 11,3 11,9 12,4 
woa 
          
 
Totaal 3738,5 3742,7 3735,8 3714,5 3695,4 3673,9 3653,3 3634,5 3617,4 3601,7 
 
          
 
 
 
Referentieraming 2015 49
