3.6 RR2015 (beleid) 
 
De autonome raming aangevuld met de beleidsmatige correcties uit de vorige paragraaf leidt 
tot de beleidsmatige raming RR2015 (beleid). 
 
RR2015 (beleid) 
 2012/13 2013/14 2014/15 2015/16 2016/17 2017/18 2018/19 2019/20 2020/21 2021/22 
 
          
bao 1497,8 1476,5 1457,4 1435,7 1417,4 1401,5 1390,7 1385,0 1380,4 1376,2 
sbao 39,9 38,1 36,8 36,0 35,5 35,4 35,5 35,7 35,9 35,9 
so-wec 33,3 31,8 31,0 30,7 30,6 30,5 30,5 30,7 30,9 31,2 
vso-wec 36,9 39,2 39,7 39,8 39,8 39,5 38,9 37,9 37,2 36,9 
totaal po 1608,0 1585,7 1564,9 1542,2 1523,3 1506,9 1495,5 1489,3 1484,5 1480,1 
                     
vo-gemeens. 345,6 349,2 351,1 351,1 346,0 336,2 327,6 321,7 319,8 321,4 
vmbo3+ 152,0 155,4 158,3 159,3 158,4 156,1 151,8 145,7 139,9 135,5 
havovwo3 86,2 87,4 88,3 89,0 89,8 90,3 88,6 86,5 85,3 84,5 
havo/vwo4+ 229,3 230,6 235,2 237,8 239,7 241,5 242,6 241,2 237,0 231,9 
lwoo 90,5 91,1 90,4 88,5 86,1 83,6 81,7 80,2 79,3 79,2 
pro 27,6 28,6 29,3 29,4 29,0 28,3 27,3 26,4 25,5 25,0 
vavo 8,1 6,0 6,2 6,3 6,5 6,5 6,5 6,5 6,4 6,2 
totaal vo 939,3 948,3 958,7 961,4 955,5 942,5 926,2 908,1 893,3 883,8 
                     
bol 333,4 346,2 356,1 354,9 352,2 351,3 351,8 351,8 350,9 347,2 
bbl 132,5 111,7 96,5 94,7 97,8 97,3 97,3 96,8 94,6 91,7 
dt-bol 5,0 2,8 0,9 0,0 0,0 0,0 0,0 0,0 0,0 0,0 
totaal mbo 470,9 460,7 453,5 449,6 450,0 448,6 449,1 448,7 445,5 438,9 
                     
vt-hbo bachelor 357,0 376,8 385,5 387,5 392,5 397,7 401,3 404,6 407,4 409,1 
vt-hbo master 2,8 3,1 3,3 3,4 3,4 3,4 3,4 3,5 3,5 3,6 
dt-hbo bachelor 43,9 41,5 38,1 34,9 32,5 30,7 29,1 27,6 26,1 24,4 
dt-hbo master 8,2 8,5 8,6 8,5 8,4 8,4 8,3 8,1 7,9 7,7 
totaal hbo 411,9 429,8 435,4 434,3 436,8 440,2 442,1 443,8 444,9 444,8 
                      
vt-wo bachelor 146,9 150,5 153,0 149,4 148,1 147,9 148,8 150,9 153,3 155,7 
vt-wo master 78,6 83,3 85,9 84,7 85,2 86,0 86,5 86,6 87,0 87,9 
dt-wo bachelor 2,9 2,4 2,0 1,7 1,5 1,4 1,3 1,3 1,2 1,2 
dt-wo master 3,9 3,9 3,7 3,3 3,1 2,9 2,7 2,6 2,5 2,4 
totaal wo 232,3 240,1 244,6 239,1 237,9 238,2 239,4 241,3 244,0 247,2 
                     
vboa 17,7 19,1 20,2 21,0 21,2 20,8 20,2 19,7 19,3 19,1 
lwooa 12,6 12,9 13,0 12,9 12,6 12,0 11,5 11,1 10,7 10,5 
bola 18,6 19,1 20,0 20,1 20,0 19,7 19,7 19,7 19,6 19,4 
bbla 10,3 8,8 6,0 5,5 5,6 5,6 5,7 5,7 5,6 5,4 
hao 9,3 10,0 10,5 10,0 10,0 10,1 10,2 10,2 10,3 10,3 
woa 7,5 8,3 9,0 8,7 8,8 8,9 9,1 9,2 9,3 9,5 
           
Totaal 3738,5 3742,7 3735,8 3704,8 3681,7 3653,7 3628,8 3606,8 3586,9 3568,8 
 
Referentieraming 2015 54
