3.8 RR2015 (begroting) 
 
Deze raming bevat de meest actuele inzichten over de leerlingen- en studentenraming voor 
de onderbouwing van de OCW-begroting 2014. 
 
RR2015 (begroting) 
 2012/13 2013/14 2014/15 2015/16 2016/17 2017/18 2018/19 2019/20 2020/21 2021/22 
 
                    
1497,8 1476,5 1457,4 1435,7 1417,4 1401,5 1390,7 1385,0 1380,4 1376,2 
bao 
39,9 38,1 36,8 36,0 35,5 35,4 35,5 35,7 35,9 35,9 
sbao 
33,3 31,8 31,0 30,7 30,6 30,5 30,5 30,7 30,9 31,2 
so-wec 
36,9 39,2 39,7 39,8 39,8 39,5 38,9 37,9 37,2 36,9 
vso-wec 
1608,0 1585,7 1564,9 1542,2 1523,3 1506,9 1495,5 1489,3 1484,5 1480,1 
totaal po 
                    
 
343,9 347,5 349,3 349,4 344,3 334,5 325,9 320,0 318,1 319,7 
vo-gemeens. 
152,0 155,4 158,3 159,3 158,4 156,1 151,8 145,7 139,9 135,5 
vmbo3+ 
86,2 87,4 88,3 89,0 89,8 90,3 88,6 86,5 85,3 84,5 
havovwo3 
229,3 230,6 235,2 237,8 239,7 241,5 242,6 241,2 237,0 231,9 
havo/vwo4+ 
90,5 91,1 90,4 88,5 86,1 83,6 81,7 80,2 79,3 79,2 
lwoo 
27,3 28,3 28,9 29,0 28,6 27,9 27,0 26,0 25,2 24,6 
pro 
8,1 6,0 6,2 6,3 6,5 6,5 6,5 6,5 6,4 6,2 
vavo 
937,2 946,3 956,6 959,3 953,4 940,4 924,1 906,0 891,2 881,7 
totaal vo 
                    
 
333,4 346,2 356,1 354,9 352,2 351,3 351,8 351,8 350,9 347,2 
bol 
132,5 111,7 96,5 94,7 97,8 97,3 97,3 96,8 94,6 91,7 
bbl 
5,0 2,8 0,9 0,0 0,0 0,0 0,0 0,0 0,0 0,0 
dt-bol 
470,9 460,7 453,5 449,6 450,0 448,6 449,1 448,7 445,5 438,9 
totaal mbo 
                    
 
vt-hbo bachelor 358,5 377,1 385,5 387,5 392,5 397,7 401,3 404,6 407,4 409,1 
vt-hbo master 2,8 3,1 3,3 3,4 3,4 3,4 3,4 3,5 3,5 3,6 
dt-hbo bachelor 44,6 41,9 38,1 34,9 32,5 30,7 29,1 27,6 26,1 24,4 
dt-hbo master 8,2 8,5 8,6 8,5 8,4 8,4 8,3 8,1 7,9 7,7 
totaal hbo 414,1 430,5 435,4 434,3 436,8 440,2 442,1 443,8 444,9 444,8 
                      
vt-wo bachelor 146,9 150,5 153,0 149,4 148,1 147,9 148,8 150,9 153,3 155,7 
vt-wo master 78,6 83,3 85,9 84,7 85,2 86,0 86,5 86,6 87,0 87,9 
dt-wo bachelor 2,9 2,4 2,0 1,7 1,5 1,4 1,3 1,3 1,2 1,2 
dt-wo master 3,9 3,9 3,7 3,3 3,1 2,9 2,7 2,6 2,5 2,4 
totaal wo 232,3 240,1 244,6 239,1 237,9 238,2 239,4 241,3 244,0 247,2 
                    
 
18,5 19,8 21,0 21,8 21,9 21,5 21,0 20,4 20,0 19,9 
vboa 
lwooa 13,6 13,9 13,9 13,9 13,6 13,0 12,5 12,0 11,7 11,4 
0,3 0,3 0,4 0,4 0,4 0,4 0,4 0,4 0,4 0,4 
proa 
18,6 19,1 20,0 20,1 20,0 19,7 19,7 19,7 19,6 19,4 
bola 
bbla 10,3 8,8 6,0 5,5 5,6 5,6 5,7 5,7 5,6 5,4 
9,3 10,0 10,5 10,0 10,0 10,1 10,2 10,2 10,3 10,3 
hao 
7,5 8,3 9,0 8,7 8,8 8,9 9,1 9,2 9,3 9,5 
woa 
           
3740,7 3743,4 3735,8 3704,8 3681,7 3653,7 3628,8 3606,8 3586,9 3568,8 
Totaal 
 
  
 
Referentieraming 2015 56
