Empirische prognoseafwijkingen voor t+1 t/m t+5 
(realisatie minus prognose, in procenten t.o.v. prognose)
RR93 RR94 RR95 RR96 RR97 RR98 RR99 RR00 RR01 RR02 RR03 RR04 RR05 RR06 RR07 RR08 RR09 RR10 RR11 RR12 RR13 RR14 gem. st.dev.
t+1 bao 0,0 0,0 0,0 0,4 0,3 0,2 0,0 -0,1 0,1 -0,8 -0,3 -0,2 -0,2 -0,1 0,2 -0,1 0,2 0,0 -0,6 -0,3 0,1 0,2 -0,1 0,3
sbao -1,0 0,3 1,0 -2,4 -4,0 -1,5 -1,5 -0,3 1,0 0,3 -1,1 -1,2 -0,8 -1,2 0,8 0,5 -0,1 0,7 -0,8 -1,6 0,1 0,5 -0,6 1,2
so-wec 1,7 1,4 1,2 2,0 8,2 3,8 1,1 1,0 -0,2 0,1 0,1 -0,6 2,1 -0,6 0,4 -7,0 -0,1 0,0 0,1 -1,6 -3,7 -2,4 0,3 2,8
vso-wec -1,8 0,0 3,2 0,4 3,0 3,3 -1,0 3,2 4,1 2,5 3,5 2,0 7,3 2,9 3,3 6,0 -0,2 -1,9 1,0 0,0 3,4 -0,6 2,0 2,4
totaal po 0,0 0,0 0,0 0,3 0,2 0,2 -0,1 -0,1 0,1 -0,7 -0,3 -0,2 -0,1 -0,1 0,2 -0,1 0,2 0,0 -0,5 -0,3 0,1 0,1 0,0 0,3
vo excl.lwoo/pro -0,1 -0,5 -0,2 -0,5 -0,1 -0,2 -0,5 -1,0 -0,4 -1,4 -0,2 0,4 -0,9 0,5 0,4 0,3 0,1 0,5 -0,1 0,2 0,0 0,5 -0,1 0,5
lwoo -1,7 -1,2 0,5 -1,7 2,9 2,4 2,2 1,2 -1,9 0,8 -2,7 2,7 2,9 -0,8 -0,2 -3,0 2,3 1,1 0,8 3,4 0,0 0,1 0,5 1,9
pro 3,6 3,1 0,9 0,8 -0,9 0,2 1,1 4,2 4,2 1,5 -1,2 0,5 0,5 -2,3 1,8 2,0 3,5 1,4 2,5 3,1 1,3 0,9 1,5 1,7
totaal vo -0,2 -0,5 -0,2 -0,4 0,1 0,3 -0,2 -0,7 -0,4 -1,1 -0,5 0,6 -0,5 0,3 0,3 0,1 0,4 0,6 0,1 0,6 0,0 0,5 0,0 0,5
bol 2,3 2,0 -1,5 0,3 1,0 -3,3 1,5 -1,4 1,2 2,8 3,7 3,6 1,2 0,1 -5,3 -4,8 0,5 -1,7 -4,3 1,1 1,3 -0,6 0,0 2,6
bbl -1,9 6,3 9,0 3,4 -0,7 -1,3 9,8 2,9 4,0 0,7 -9,4 -8,9 0,7 4,4 5,5 -4,7 -5,6 4,5 2,3 -1,6 -7,7 -7,4 0,2 5,7
dt-bol -12,5 -18,1 -21,8 -36,9 -20,4 22,5 -0,4 35,4 5,4 -22,2 -24,3 -14,1 -1,6 -4,6 -16,3 -13,7 0,9 -10,2 -7,2 -28,3 -29,9 -100,0 -14,5 25,4
totaal mbo -0,4 1,1 -0,7 -2,3 -0,9 -1,4 4,0 1,8 2,4 0,1 -2,6 -1,2 1,0 1,1 -2,5 -5,0 -1,6 0,1 -2,4 -0,1 -1,3 -1,9 -0,6 2,0
vt-hbo 1,5 0,5 -1,5 0,7 1,4 0,2 1,5 -2,1 2,8 -0,1 2,8 0,8 0,7 0,7 -0,2 0,3 3,5 -0,4 0,8 -0,2 4,4 0,9 0,9 1,5
dt-hbo 2,4 -1,7 3,9 7,2 5,9 7,8 6,6 0,1 0,4 -7,5 4,7 -2,9 -1,0 0,8 2,1 2,1 3,7 -3,3 -6,9 -8,8 0,9 -1,7 0,7 4,7
totaal hbo 1,7 0,1 -0,7 1,7 2,1 1,4 2,4 -1,7 2,3 -1,6 3,1 0,1 0,4 0,7 0,1 0,5 3,5 -0,9 -0,4 -1,4 4,0 0,6 0,8 1,6
wo 0,6 0,5 -1,6 -5,0 1,5 1,4 1,1 0,7 1,9 1,5 1,6 1,5 -1,9 -2,0 0,7 0,5 2,0 -0,6 -1,8 -2,4 3,1 2,7 0,3 2,0
t+2 bao 0,0 -0,2 0,1 0,6 0,5 0,3 -0,1 0,0 -0,3 -1,2 -0,5 -0,5 -0,4 -0,1 0,3 0,2 0,4 -0,5 -0,9 -0,5 0,1 -0,1 0,5
sbao 0,3 1,0 -2,4 -4,0 -5,7 -4,1 -2,0 0,7 1,9 0,0 -3,3 -3,1 -2,3 -1,3 1,8 0,5 0,5 0,3 -2,6 -2,8 0,4 -1,3 2,2
so-wec 2,8 1,8 3,4 4,2 12,4 7,3 6,1 1,9 0,6 -1,2 -0,6 -0,1 4,0 -1,6 -6,3 -8,4 -0,7 0,0 -1,1 -5,9 -4,9 0,7 4,8
vso-wec -0,7 4,4 4,4 5,0 5,9 3,5 1,5 7,7 16,6 8,7 6,3 5,7 16,3 5,4 10,9 8,4 -2,4 -1,7 4,1 2,8 2,1 5,5 4,9
totaal po 0,0 -0,1 0,1 0,6 0,5 0,3 -0,1 0,1 -0,1 -1,0 -0,5 -0,5 -0,1 -0,1 0,3 0,2 0,3 -0,5 -0,8 -0,6 0,1 -0,1 0,4
vo excl.lwoo/pro -0,7 -1,3 -1,1 -0,8 -0,9 -0,9 -2,5 -2,3 -1,6 -1,1 0,2 -0,1 -0,8 1,3 1,0 1,0 0,9 0,6 -0,5 0,3 0,2 -0,4 1,1
lwoo -2,9 -0,5 -0,7 -0,9 8,0 7,4 6,8 4,6 -1,6 -0,5 -1,0 6,6 4,0 -3,0 -0,9 -3,3 4,4 2,1 2,9 3,5 -1,2 1,6 3,7
pro 8,9 5,3 1,6 0,4 -0,2 3,2 6,6 12,3 9,7 2,3 -1,1 -2,1 -0,7 -5,3 4,2 4,8 5,3 4,4 7,8 5,4 2,7 3,6 4,3
totaal vo -0,7 -1,1 -0,8 -0,8 0,0 -0,1 -1,5 -1,4 -1,3 -1,0 0,1 0,4 -0,4 0,7 0,9 0,7 1,3 0,9 0,1 0,7 0,1 -0,2 0,9
bol 6,4 2,3 -3,5 1,2 -2,0 -2,9 1,3 -0,6 4,7 7,5 9,7 6,9 1,7 -5,7 -7,8 -1,7 -4,6 -6,2 -1,8 0,9 0,9 0,3 4,8
bbl -4,8 5,4 13,8 0,3 0,4 13,7 15,5 12,1 6,9 -8,1 -20,6 -14,3 6,4 12,4 13,8 -8,5 7,0 9,6 -6,1 -5,9 -17,2 1,5 11,1
dt-bol -19,1 -26,3 -38,7 -43,7 -4,9 14,0 32,4 65,9 -14,1 -45,2 -39,6 -19,5 -5,4 -18,3 -30,0 -19,2 18,9 -9,8 -39,3 -54,5 -100,0 -18,9 34,2
totaal mbo 0,4 0,3 -2,4 -3,2 -1,5 2,8 7,3 6,7 4,1 -2,3 -4,1 -1,0 2,7 -1,1 -2,3 -4,4 -0,8 -2,0 -3,7 -1,6 -4,1 -0,5 3,4
vt-hbo 3,8 0,2 -2,5 1,4 2,2 2,0 2,2 0,9 4,1 2,4 5,9 1,9 1,4 0,3 -0,3 3,7 5,2 -0,2 -0,1 3,6 8,6 2,2 2,5
dt-hbo -3,8 -7,1 11,7 19,4 26,5 22,3 7,4 2,4 -6,9 -8,7 4,4 -6,1 -1,2 2,2 5,4 7,3 7,8 -9,9 -18,4 -10,1 -1,7 2,0 11,5
totaal hbo 2,4 -1,0 -0,5 3,9 5,5 5,1 3,1 1,2 1,7 0,0 5,6 0,3 1,0 0,6 0,6 4,2 5,6 -1,8 -2,9 1,8 7,4 2,1 2,8
wo -1,5 -2,5 -5,0 -5,3 4,5 4,3 3,2 4,2 4,9 3,7 4,3 0,8 -4,9 -3,0 1,3 2,6 2,2 -2,6 -6,2 -0,1 7,3 0,6 4,0
t+3 bao -0,1 -0,1 0,2 0,9 0,6 0,2 -0,1 -0,4 -0,7 -1,6 -0,8 -0,9 -0,3 -0,2 0,7 0,4 -0,1 -0,7 -1,2 -0,7 -0,2 0,7
sbao 1,0 -2,4 -4,0 -5,7 -8,5 -5,0 -1,0 1,2 1,7 -1,8 -5,9 -5,6 -2,5 -1,1 2,3 0,6 0,1 -1,3 -4,1 -3,1 -2,2 3,0
so-wec 3,2 3,7 5,4 7,8 16,1 10,9 8,9 4,0 -1,1 -1,1 -0,6 0,1 5,2 -9,2 -7,3 -9,4 -1,8 -1,3 -5,2 -7,3 1,1 6,9
vso-wec 3,0 5,6 8,8 8,3 7,0 6,9 6,5 20,0 25,0 14,7 10,8 11,0 24,5 11,5 14,6 7,0 -3,1 0,2 10,5 1,0 9,7 7,4
totaal po 0,0 -0,1 0,2 0,9 0,6 0,3 0,1 0,0 -0,4 -1,4 -0,8 -0,9 0,1 -0,2 0,8 0,4 -0,2 -0,7 -1,1 -0,8 -0,2 0,6
vo excl.lwoo/pro -1,5 -2,4 -1,6 -1,7 -1,7 -2,6 -3,5 -3,0 -2,0 -0,6 -0,2 0,4 -0,1 2,6 1,9 2,3 1,1 0,6 -0,9 0,6 -0,6 1,8
lwoo -2,3 -1,5 0,3 2,9 14,1 11,1 8,5 -0,6 -3,9 0,7 2,8 8,5 5,3 -5,3 -0,1 -4,1 5,8 3,5 2,5 2,3 2,5 5,2
pro 11,3 6,3 1,7 0,8 2,4 9,0 15,7 22,0 13,4 4,2 -3,7 -6,2 -2,5 -8,0 6,7 4,9 6,5 9,1 13,1 6,8 5,7 7,5
totaal vo -1,4 -2,0 -1,4 -1,0 -0,4 -1,3 -2,1 -2,2 -1,8 -0,3 -0,1 0,9 0,3 1,4 1,8 1,7 1,7 1,1 -0,2 0,9 -0,2 1,4
bol 8,0 1,2 -4,8 -1,7 -2,1 -3,9 2,3 2,4 9,6 14,4 14,0 8,3 -0,7 -8,9 -6,0 0,5 -11,6 -4,5 2,4 1,7 1,0 7,1
bbl -5,8 7,9 12,8 1,5 16,0 20,1 26,0 18,7 -0,7 -19,3 -27,0 -13,5 23,8 22,7 13,1 -9,2 23,5 5,3 -19,7 -17,0 4,0 17,0
dt-bol -27,9 -42,5 -45,2 -35,1 -12,9 48,1 60,7 50,2 -37,5 -58,0 -44,9 -24,5 -18,9 -30,8 -35,3 -20,3 31,7 -34,1 -65,6 -100,0 -22,1 40,8
totaal mbo 0,1 -1,4 -4,2 -3,8 2,5 5,6 12,6 9,8 2,6 -3,6 -4,3 0,0 5,1 -1,1 -1,5 -3,2 -2,7 -2,3 -5,2 -4,0 0,0 4,9
vt-hbo 4,8 0,3 -3,0 2,2 4,8 2,8 8,2 0,3 7,8 6,0 9,0 2,8 1,2 0,1 3,0 5,4 7,2 -1,5 3,8 4,5 3,5 3,3
dt-hbo -9,8 -5,0 23,7 39,3 59,4 29,4 5,2 -3,3 -8,8 -12,9 2,7 -8,0 -0,8 4,8 11,8 12,4 0,3 -21,3 -21,9 -14,3 4,1 20,6
totaal hbo 2,2 -0,6 0,5 6,9 11,6 7,0 7,6 -0,5 4,0 1,8 7,9 0,8 0,9 0,9 4,3 6,4 6,1 -4,6 -0,1 2,1 3,3 3,9
wo -5,7 -7,6 -5,3 -3,4 8,9 7,3 7,3 7,5 9,4 6,6 4,8 -1,2 -6,3 -3,6 3,4 2,2 0,6 -7,2 -5,2 0,8 0,7 5,9
 
 
Referentieraming 2015 
66
