Empirische prognoseafwijkingen voor t+1 t/m t+5 (vervolg) 
(realisatie minus prognose, in procenten t.o.v. prognose) 
 
RR93 RR94 RR95 RR96 RR97 RR98 RR99 RR00 RR01 RR02 RR03 RR04 RR05 RR06 RR07 RR08 RR09 RR10 RR11 gem. st.dev.
t+4 bao 0,0 -0,1 0,0 1,3 0,8 0,2 -0,5 -0,6 -1,1 -1,9 -1,2 -1,2 -0,5 -0,1 1,1 0,2 -0,3 -0,9 -1,4 -0,3 0,9
sbao -2,4 -4,0 -5,7 -8,5 -9,4 -4,5 0,0 0,2 0,3 -4,1 -8,8 -6,9 -2,1 -0,9 3,1 -0,6 -1,4 -2,3 -4,6 -3,3 3,5
so-wec 5,4 5,5 8,9 10,8 20,0 13,5 12,1 3,5 -1,3 -0,2 -0,6 -0,7 -1,3 -10,8 -7,8 -10,2 -4,6 -5,5 -6,4 1,6 8,6
vso-wec 3,6 10,0 12,1 8,1 10,5 12,1 18,8 28,7 31,5 20,9 16,9 15,5 37,4 13,4 14,8 6,8 -1,8 5,1 11,2 14,5 9,8
totaal po 0,0 -0,1 0,1 1,2 0,8 0,4 -0,1 -0,2 -0,8 -1,7 -1,1 -1,1 0,0 -0,1 1,2 0,0 -0,4 -0,9 -1,3 -0,2 0,8
vo excl.lwoo/pro -2,8 -3,3 -2,3 -2,3 -3,4 -3,5 -4,2 -3,4 -2,0 -1,3 -0,1 0,9 0,7 3,9 3,3 3,3 1,1 0,5 -1,0 -0,8 2,5
lwoo -3,0 -0,3 3,7 7,9 18,9 13,2 3,0 -2,1 -3,5 2,2 4,4 8,8 3,7 -6,4 -0,1 -5,1 6,6 2,2 0,7 2,9 6,3
pro 13,7 6,3 1,9 2,8 8,0 18,1 26,5 30,1 17,9 2,9 -7,3 -10,7 -4,5 -10,2 5,9 4,3 9,0 13,2 17,6 7,7 11,5
totaal vo -2,4 -2,9 -1,5 -1,4 -1,4 -1,7 -3,0 -2,6 -1,6 -0,9 0,0 1,3 0,8 2,4 3,1 2,5 1,9 1,0 -0,4 -0,4 1,9
bol 7,6 1,4 -8,7 -1,8 -3,7 -3,0 5,2 6,6 16,6 19,9 15,6 6,1 -3,7 -7,3 -5,0 1,2 -9,6 -0,3 5,8 2,3 8,5
bbl -3,7 4,7 15,6 17,4 23,1 30,8 32,6 12,2 -11,7 -25,8 -27,2 -2,1 34,5 22,7 14,7 -15,2 18,8 -7,2 -32,8 5,3 21,0
dt-bol -44,1 -49,1 -36,9 -42,3 11,5 77,9 43,9 18,6 -51,0 -62,6 -48,7 -36,0 -31,2 -35,4 -36,5 -31,2 -9,0 -57,5 -100,0 -27,3 40,7
totaal mbo -1,2 -2,8 -5,4 -0,2 4,9 10,6 15,5 8,9 1,8 -3,6 -3,7 1,9 5,3 -0,3 -0,5 -5,0 -3,0 -2,9 -7,2 0,7 6,0
vt-hbo 6,1 1,0 -2,1 4,8 5,8 9,5 9,8 2,2 11,8 9,9 11,7 2,6 1,3 3,7 4,7 7,4 7,0 1,7 4,9 5,5 3,9
dt-hbo -8,5 -1,1 44,1 68,0 78,8 31,4 3,5 -3,4 -13,7 -17,3 1,8 -8,8 0,9 10,3 17,7 5,1 -12,8 -24,2 -27,2 7,6 29,1
totaal hbo 3,5 0,7 3,5 12,3 14,8 13,3 8,5 1,1 5,9 3,8 9,9 0,5 1,2 4,7 6,6 7,1 4,0 -2,2 0,1 5,2 4,8
wo -11,7 -9,7 -3,4 0,4 12,8 12,2 11,1 11,9 14,6 7,4 3,9 -1,8 -6,8 -2,2 3,3 -0,3 -3,9 -6,7 -5,1 1,4 8,2
t+5 bao -0,2 -0,4 -0,4 1,2 1,3 -0,1 -0,8 -0,8 -1,8 -2,3 -1,3 -1,7 -0,4 -0,1 0,9 0,3 -0,4 -0,9 -0,4 1,0
sbao -4,0 -5,7 -8,5 -9,4 -8,9 -3,9 -0,1 -2,3 -1,9 -6,8 -10,4 -7,5 -1,5 0,0 2,6 -3,0 -2,4 -2,4 -4,2 3,7
so-wec 7,7 8,8 12,2 14,0 22,6 16,6 12,2 4,1 -0,7 0,9 -1,4 -8,6 -2,0 -11,8 -8,3 -12,3 -10,0 -7,2 2,1 10,7
vso-wec 9,0 13,1 11,6 8,6 16,3 24,9 28,7 36,2 38,3 27,7 22,2 24,4 44,5 11,7 16,0 8,2 3,0 4,6 19,4 12,1
totaal po -0,2 -0,3 -0,4 1,1 1,4 0,3 -0,3 -0,3 -1,4 -2,0 -1,3 -1,7 0,1 -0,1 1,0 0,1 -0,6 -1,0 -0,3 0,9
vo excl.lwoo/pro -3,8 -4,4 -3,2 -3,8 -4,2 -3,8 -4,9 -3,5 -2,7 -1,5 0,4 1,6 1,7 5,7 4,5 3,8 1,3 0,8 -0,9 3,4
lwoo -1,4 3,4 8,0 11,7 20,5 6,4 0,7 -2,1 -2,3 2,1 5,2 6,6 2,9 -7,3 -0,3 -5,0 4,5 -0,4 3,0 6,5
pro 15,4 6,3 3,1 7,6 16,8 28,0 35,4 38,4 17,9 -0,3 -11,3 -14,2 -6,7 -13,6 4,2 4,5 10,7 15,4 8,8 15,4
totaal vo -3,4 -3,4 -2,2 -2,3 -1,9 -2,3 -3,6 -2,5 -2,1 -1,1 0,4 1,5 1,5 3,6 4,0 2,9 1,9 1,0 -0,4 2,5
bol 8,3 -1,6 -8,9 -3,4 -3,5 0,4 9,4 12,5 21,6 22,0 13,4 3,0 -1,8 -6,5 -5,4 3,9 -5,7 2,8 3,4 9,3
bbl -6,6 5,0 33,8 24,8 35,2 37,3 24,0 0,8 -18,2 -26,0 -18,0 4,4 32,8 24,4 8,4 -20,0 4,2 -20,7 7,0 21,8
dt-bol -50,8 -41,5 -43,9 -27,7 31,4 59,0 11,8 -0,5 -55,6 -65,6 -56,6 -46,1 -35,7 -36,4 -45,3 -53,9 -46,8 -100,0 -33,6 37,4
totaal mbo -2,5 -3,9 -1,9 2,1 9,5 13,7 14,0 8,2 2,0 -2,9 -2,1 1,6 6,0 0,6 -2,7 -5,4 -3,9 -4,1 1,6 6,2
vt-hbo 7,7 1,9 0,5 5,8 13,0 11,5 13,2 5,0 15,3 13,4 12,6 2,4 4,9 5,5 6,6 7,3 11,3 2,4 7,8 4,6
dt-hbo -4,5 6,3 78,3 78,8 74,0 34,4 7,1 -6,9 -18,6 -20,1 1,9 -7,9 5,7 15,5 10,3 -8,3 -16,6 -29,1 11,1 33,7
totaal hbo 5,6 2,6 9,0 14,8 21,6 15,4 12,0 2,5 7,3 5,9 10,7 0,6 5,0 7,0 7,1 5,0 7,1 -2,2 7,6 5,7
wo -14,4 -10,4 0,4 10,2 18,3 16,6 16,4 17,7 17,3 6,9 4,7 -1,5 -5,1 -2,6 1,1 -5,6 -3,1 -7,1 3,3 10,6
 
 
Jaarlijkse afwijkingen, gemiddelden en standaarddeviaties in bovenstaande tabellen zijn uitgedrukt in procenten t.o.v. de geraamde aantallen. 
 
Referentieraming 2015 
67
