EVALUATIE CORONASTEUN CULTUURSECTOR 204 
Bijlage H Overzicht verdeling coronasteun 
gemeenten 
Gemeente Lokale Lokale Buurt- en Cultuurmi Cultuurmi Lokale Buurt- en Lokaal 
culturele culturele dorpshuiz ddelen ddelen cultuur dorpshuiz cultuuraan
voorzienin voorzienin en 2020 2021 2021 2021 en 2021 bod 
gen 2020- gen 2020- (covid-19) 
1 2 2021 
       
indeling omgezet 
2020 naar 
indeling 
2021 
        
Gemeente 
   
Appingedam 43.300 42.405 11.477 52.799   
   
Delfzijl 82.472 81.199 24.164 139.452   
   
Eemsdelta   221.446 124.984 25.383 104.027 
Groningen 1.026.213 1.014.377 275.779 3.634.132 3.634.132 839.418 161.269 698.806 
Het Hogeland 131.888 129.846 36.721 157.466 157.466 108.108 21.939 89.965 
   
Loppersum 24.144 23.638 6.868 29.195   
Midden-Groningen 188.857 185.753 57.019 409.038 409.038 153.999 33.473 128.165 
Oldambt 134.354 132.641 35.595 354.220 354.220 110.268 20.923 91.781 
Pekela 38.843 38.177 11.105 30.670 30.670 31.651 6.495 26.341 
Stadskanaal 108.125 106.014 28.527 261.744 261.744 88.366 16.846 73.541 
Veendam 96.006 94.017 27.051 333.256 333.256 78.206 15.946 65.087 
Westerkwartier 178.192 176.565 44.716 209.876 209.876 147.884 26.774 123.074 
Westerwolde 74.175 75.069 21.064 164.609 164.609 63.840 12.668 53.127 
Achtkarspelen 83.266 81.984 21.442 127.417 127.417 68.416 12.618 56.936 
Ameland 10.588 10.561 2.183 53.576 53.576 8.878 1.330 7.388 
Dantumadiel 55.728 54.927 14.197 73.841 73.841 45.751 8.417 38.074 
De Fryske Marren 154.650 152.867 37.770 214.147 214.147 127.640 22.408 106.226 
Harlingen 64.477 63.414 14.795 120.506 120.506 52.949 8.668 44.079 
Heerenveen 175.604 173.718 45.435 333.644 333.644 144.835 26.660 120.551 
Leeuwarden 508.121 503.576 137.596 891.528 891.528 419.096 80.396 348.882 
Noardeast-Fryslân 137.964 136.139 35.451 331.547 331.547 113.908 21.137 94.802 
Ooststellingwerf 75.538 74.342 19.728 87.662 87.662 61.778 11.721 51.411 
Opsterland 82.684 81.792 21.381 85.333 85.333 68.218 12.740 56.773 
Schiermonnikoog 2.779 2.776 664 12.501 12.501 2.283 413 1.900
