EVALUATIE CORONASTEUN CULTUURSECTOR 208 
Gemeente Lokale Lokale Buurt- en Cultuurmi Cultuurmi Lokale Buurt- en Lokaal 
culturele culturele dorpshuiz ddelen ddelen cultuur dorpshuiz cultuuraan
voorzienin voorzienin en 2020 2021 2021 2021 en 2021 bod 
gen 2020- gen 2020- (covid-19) 
1 2 2021 
Wijchen 132.077 130.431 32.727 128.581 128.581 108.487 19.211 90.289 
Winterswijk 95.578 93.838 25.045 205.373 205.373 78.402 14.836 65.252 
Zaltbommel 81.699 81.883 20.562 120.273 120.273 69.608 12.413 57.933 
Zevenaar 130.890 129.902 35.080 164.920 164.920 108.811 20.792 90.557 
Zutphen 187.285 185.535 48.422 527.836 527.836 154.694 28.316 128.766 
Amersfoort 611.211 604.256 165.560 2.071.744 2.071.744 502.386 97.070 418.188 
Baarn 71.061 70.324 20.398 99.231 99.231 58.300 11.996 48.517 
Bunnik 34.747 34.246 9.255 34.086 34.086 28.800 5.573 23.972 
Bunschoten 59.663 59.761 14.864 84.323 84.323 50.102 8.861 41.698 
De Bilt 118.174 117.229 33.522 187.825 187.825 97.939 19.921 81.508 
De Ronde Venen 113.076 112.541 30.856 86.808 86.808 94.088 18.446 78.305 
Eemnes 23.068 23.178 6.098 29.272 29.272 19.554 3.700 16.274 
Houten 153.608 151.697 37.982 281.621 281.621 126.266 22.338 105.085 
IJsselstein 104.495 102.648 30.383 203.898 203.898 84.527 17.758 70.347 
Leusden 86.519 86.399 21.090 72.288 72.288 72.189 12.554 60.078 
Lopik 34.205 33.738 9.051 17.703 17.703 28.038 5.394 23.336 
Montfoort U 34.813 34.111 8.904 18.169 18.169 28.316 5.313 23.566 
Nieuwegein 207.358 205.258 61.979 549.499 549.499 171.830 36.633 143.000 
Oudewater 29.316 29.034 6.764 20.110 20.110 23.958 4.014 19.941 
Renswoude 12.525 12.879 3.191 8.619 8.619 10.957 1.965 9.120 
Rhenen 57.957 57.428 14.353 94.417 94.417 47.961 8.497 39.919 
Soest 137.335 136.325 40.562 216.709 216.709 113.827 23.947 94.731 
Stichtse Vecht 173.503 172.615 48.795 177.188 177.188 145.336 29.024 120.955 
Utrecht 1.530.582 1.521.133 447.365 5.971.036 5.971.036 1.265.672 262.604 1.053.661 
Utrechtse Heuvelrug 142.144 140.017 35.699 164.920 164.920 117.183 21.334 97.521 
Veenendaal 231.942 231.216 65.122 513.161 513.161 193.275 38.187 160.859 
Vijfheerenlanden 161.808 162.862 45.197 177.504 177.504 138.107 27.326 114.940 
Wijk bij Duurstede 71.501 70.849 16.527 57.458 57.458 59.007 9.828 49.108 
Woerden 161.561 159.374 40.160 251.805 251.805 133.630 23.975 111.217 
Woudenberg 36.386 36.448 8.898 55.827 55.827 31.010 5.348 25.807
