EVALUATIE CORONASTEUN CULTUURSECTOR 209 
Gemeente Lokale Lokale Buurt- en Cultuurmi Cultuurmi Lokale Buurt- en Lokaal 
culturele culturele dorpshuiz ddelen ddelen cultuur dorpshuiz cultuuraan
voorzienin voorzienin en 2020 2021 2021 2021 en 2021 bod 
gen 2020- gen 2020- (covid-19) 
1 2 2021 
Zeist 206.020 205.764 62.411 450.268 450.268 171.294 36.489 142.555 
Aalsmeer 83.754 82.898 22.186 75.394 75.394 69.276 13.297 57.654 
Alkmaar 408.282 401.685 112.687 1.348.551 1.348.551 334.991 66.377 278.836 
Amstelveen 287.048 284.919 83.920 606.103 606.103 234.265 49.551 194.958 
Amsterdam 4.126.745 4.095.116 1.463.964 15.729.398 15.729.398 3.398.107 856.861 2.829.332 
Beemster 21.938 22.269 6.387 25.856 25.856 18.667 3.895 15.537 
Bergen NH 84.888 83.049 20.269 151.642 151.642 68.725 11.877 57.192 
Beverwijk 133.535 132.935 42.558 196.444 196.444 111.166 25.322 92.525 
Blaricum 27.103 27.596 8.109 21.741 21.741 23.836 4.971 19.838 
Bloemendaal 53.762 53.367 14.864 123.534 123.534 44.166 8.812 36.761 
Castricum 100.030 99.087 23.974 121.749 121.749 82.662 14.149 68.792 
Den Helder 189.853 189.364 56.416 499.728 499.728 158.185 33.314 131.647 
Diemen 77.831 81.607 32.767 50.237 50.237 69.835 19.810 58.116 
Drechterland 50.828 50.538 12.659 90.457 90.457 42.284 7.619 35.191 
Edam-Volendam 104.846 103.494 24.777 100.629 100.629 86.260 14.687 71.794 
Enkhuizen 67.486 66.804 16.343 112.120 112.120 55.652 9.648 46.325 
Gooise Meren 182.573 180.439 49.974 241.090 241.090 150.836 29.732 125.533 
Haarlem 696.578 691.243 186.683 2.612.779 2.612.779 572.915 109.588 476.961 
Haarlemmermeer 449.655 449.871 131.434 1.757.123 1.757.123 378.737 79.252 315.210 
Heemskerk 123.794 121.819 35.260 168.491 168.491 101.283 20.665 84.287 
Heemstede 75.144 73.615 20.296 115.537 115.537 61.981 12.196 51.582 
Heerhugowaard 194.690 193.776 51.547 407.097 407.097 163.431 30.509 136.015 
Heiloo 69.968 70.465 16.584 97.057 97.057 59.084 9.818 49.169 
Hilversum 309.075 305.859 95.661 574.268 574.268 255.305 56.334 212.476 
Hollands Kroon 132.401 132.618 32.550 69.260 69.260 110.315 19.497 91.803 
Hoorn 273.750 269.986 74.741 954.189 954.189 225.484 43.827 187.677 
Huizen 130.355 128.390 37.353 149.390 149.390 106.363 21.813 88.515 
Koggenland 55.466 54.671 14.209 41.152 41.152 45.895 8.558 38.198 
Landsmeer 25.120 24.774 8.164 43.171 43.171 20.736 4.951 17.260 
Langedijk 80.649 85.274 20.186 54.274 54.274 71.344 11.871 59.374
