EVALUATIE CORONASTEUN CULTUURSECTOR 210 
Gemeente Lokale Lokale Buurt- en Cultuurmi Cultuurmi Lokale Buurt- en Lokaal 
culturele culturele dorpshuiz ddelen ddelen cultuur dorpshuiz cultuuraan
voorzienin voorzienin en 2020 2021 2021 2021 en 2021 bod 
gen 2020- gen 2020- (covid-19) 
1 2 2021 
Laren 29.843 29.654 7.915 67.319 67.319 24.945 4.723 20.760 
Medemblik 130.325 129.358 31.830 166.783 166.783 107.855 18.791 89.762 
Oostzaan 21.366 21.020 6.789 79.820 79.820 17.364 3.990 14.454 
Opmeer 32.975 32.695 7.651 50.392 50.392 27.648 4.592 23.008 
Ouder-Amstel 30.710 30.547 11.293 33.931 33.931 25.805 6.732 21.479 
Purmerend 273.122 272.809 82.390 695.395 695.395 228.173 48.861 189.902 
Schagen 136.186 133.768 32.351 183.166 183.166 111.355 19.137 92.675 
Stede Broec 70.050 68.990 16.391 135.414 135.414 57.392 9.601 47.762 
Texel 40.666 40.177 9.693 128.115 128.115 33.700 5.816 28.045 
Uitgeest 35.271 35.173 8.954 10.327 10.327 29.180 5.322 24.285 
Uithoorn 85.018 83.835 23.887 49.072 49.072 71.681 14.651 59.652 
Velsen 219.012 216.259 61.343 383.415 383.415 179.672 36.126 149.531 
Waterland 41.147 40.866 11.099 42.006 42.006 33.678 6.614 28.035 
Weesp 58.009 58.359 18.660 109.170 109.170 50.203 11.360 41.788 
Wijdemeren 55.637 55.784 15.504 39.289 39.289 46.611 9.236 38.795 
Wormerland 38.480 37.760 12.259 99.775 99.775 31.439 7.278 26.168 
Zaanstad 566.758 560.267 181.930 1.139.762 1.139.762 465.636 106.462 387.580 
Zandvoort 46.015 45.679 15.363 72.754 72.754 38.092 9.125 31.699 
Alblasserdam 55.211 54.687 16.639 130.367 130.367 45.383 9.821 37.768 
Albrandswaard 62.081 62.139 19.809 31.602 31.602 52.192 11.848 43.439 
Alphen aan den Rijn 352.552 349.945 96.571 420.918 420.918 292.697 57.337 243.597 
Barendrecht 141.905 139.686 41.906 228.046 228.046 115.991 24.841 96.532 
Bodegraven- 90.318 90.344 24.186 55.439 55.439 76.113 14.642 63.345 
Reeuwijk 
Brielle 49.950 49.557 11.493 185.496 185.496 41.589 6.933 34.614 
Capelle aan den 207.039 204.851 76.725 279.447 279.447 170.930 45.154 142.246 
IJssel 
Delft 396.035 390.908 111.406 1.356.471 1.356.471 324.356 65.860 269.981 
Dordrecht 488.961 482.887 141.705 1.558.350 1.558.350 400.407 82.743 333.314 
Goeree-Overflakkee 139.585 138.828 32.647 212.672 212.672 116.896 19.552 97.277 
Gorinchem 141.937 140.940 38.709 344.592 344.592 118.399 22.904 98.543 
Gouda 280.579 277.045 80.245 623.107 623.107 231.090 47.139 192.352
