EVALUATIE CORONASTEUN CULTUURSECTOR 213 
Gemeente Lokale Lokale Buurt- en Cultuurmi Cultuurmi Lokale Buurt- en Lokaal 
culturele culturele dorpshuiz ddelen ddelen cultuur dorpshuiz cultuuraan
voorzienin voorzienin en 2020 2021 2021 2021 en 2021 bod 
gen 2020- gen 2020- (covid-19) 
1 2 2021 
Bernheze 82.235 82.448 19.823 107.384 107.384 69.073 11.910 57.486 
Best 92.223 91.269 22.801 117.633 117.633 76.469 13.605 63.640 
Bladel 56.856 56.633 13.005 62.117 62.117 47.385 7.701 39.434 
Boekel 28.788 29.002 6.612 22.517 22.517 24.592 4.008 20.466 
Boxmeer 86.259 86.069 20.408 111.033 111.033 72.284 12.225 60.155 
Boxtel 95.114 93.530 24.850 105.288 107.106 81.658 15.381 67.959 
Breda 715.720 703.319 188.835 2.184.175 2.184.175 583.837 110.091 485.982 
Cranendonck 57.349 58.507 14.435 102.104 102.104 48.292 8.583 40.189 
Cuijk 77.622 77.189 20.996 234.257 234.257 65.065 12.412 54.148 
Deurne 101.011 99.679 23.705 139.296 139.296 82.741 13.927 68.862 
Dongen 75.817 75.211 19.812 121.127 121.127 62.988 11.744 52.420 
Drimmelen 68.564 68.009 16.760 44.180 44.180 56.702 9.994 47.191 
Eersel 51.768 51.616 11.716 53.886 53.886 43.407 7.045 36.126 
Eindhoven 1.012.273 1.004.484 279.526 3.067.706 3.067.706 837.275 163.803 697.014 
Etten-Leur 144.520 142.467 37.991 313.611 313.611 118.384 22.308 98.525 
Geertruidenberg 65.131 64.227 15.883 115.226 115.226 54.014 9.452 44.952 
Geldrop-Mierlo 116.815 115.317 31.865 209.644 209.644 96.560 18.889 80.360 
Gemert-Bakel 88.246 87.780 21.497 140.616 140.616 72.971 12.712 60.734 
Gilze en Rijen 71.104 70.102 20.802 54.041 54.041 58.996 12.480 49.098 
Goirle 64.737 63.668 16.864 159.018 159.018 53.050 10.019 44.151 
Grave 35.654 34.950 8.357 42.084 42.084 29.539 5.047 24.582 
   
Haaren 33.694 33.576 8.011 11.957 0 
Halderberge 85.717 84.751 22.563 70.891 70.891 70.867 13.439 58.978 
Heeze-Leende 40.599 40.524 9.714 36.571 36.571 34.196 5.820 28.460 
Helmond 356.433 353.665 98.171 942.231 942.231 294.288 57.547 244.965 
Heusden 140.816 140.254 33.831 269.586 269.586 117.470 20.045 97.764 
Hilvarenbeek 39.930 39.773 9.300 109.403 109.403 33.475 5.658 27.859 
Laarbeek 57.423 57.160 14.438 50.237 50.237 48.262 8.673 40.166 
Landerd 40.538 40.662 9.541 47.674 47.674 34.017 5.750 28.310 
Loon op Zand 62.787 61.939 16.396 44.103 44.103 51.705 9.749 43.031
