EVALUATIE CORONASTEUN CULTUURSECTOR 205 
Gemeente Lokale Lokale Buurt- en Cultuurmi Cultuurmi Lokale Buurt- en Lokaal 
culturele culturele dorpshuiz ddelen ddelen cultuur dorpshuiz cultuuraan
voorzienin voorzienin en 2020 2021 2021 2021 en 2021 bod 
gen 2020- gen 2020- (covid-19) 
1 2 2021 
Smallingerland 203.584 200.654 53.282 455.548 455.548 166.220 31.046 138.345 
Súdwest-Fryslan 313.372 309.538 75.274 800.139 800.139 257.323 44.320 214.190 
Terschelling 15.164 14.940 2.942 73.608 73.608 12.357 1.780 10.282 
Tytsjerksteradiel 91.676 91.209 22.820 96.281 96.281 75.825 13.475 63.102 
Vlieland 3.480 3.478 778 19.023 19.023 3.011 501 2.505 
Waadhoeke 138.685 136.826 35.354 236.975 236.975 113.919 20.956 94.816 
Weststellingwerf 81.109 80.107 20.686 70.813 70.813 67.163 12.365 55.895 
Aa en Hunze 66.711 66.010 16.687 80.519 80.519 54.765 9.944 45.577 
Assen 264.878 263.121 67.071 1.132.386 1.132.386 219.172 39.322 182.436 
Borger-Odoorn 68.138 67.768 17.763 77.413 77.413 56.503 10.643 47.023 
Coevorden 109.289 107.022 27.205 95.582 95.582 88.946 16.063 74.029 
De Wolden 65.302 64.946 15.448 82.848 82.848 54.182 9.191 45.092 
Emmen 362.490 356.380 97.254 685.845 685.845 295.904 56.910 246.276 
Hoogeveen 194.042 190.926 50.112 363.304 363.304 158.210 29.263 131.677 
Meppel 129.297 128.565 30.346 256.076 256.076 108.240 17.999 90.098 
Midden Drenthe 95.784 94.439 22.783 91.078 91.078 78.980 13.578 65.728 
Noordenveld 91.071 89.601 23.414 194.347 194.347 74.425 13.801 61.938 
Tynaarlo 94.190 92.992 22.851 79.043 79.043 77.512 13.571 64.508 
Westerveld 53.076 52.665 12.802 83.236 83.236 44.309 7.839 36.873 
Almelo 296.264 292.208 82.967 440.717 440.717 242.725 48.446 202.058 
Borne 69.573 68.856 17.452 86.963 86.963 57.533 10.323 47.883 
Dalfsen 82.710 81.794 18.175 101.716 101.716 68.856 11.068 57.305 
Deventer 393.960 390.073 106.345 1.212.516 1.212.516 325.377 62.505 270.854 
Dinkelland 71.441 70.715 16.395 49.150 49.150 59.155 9.847 49.234 
Enschede 618.111 610.521 185.049 1.722.183 1.722.183 506.832 108.119 421.904 
Haaksbergen 75.980 74.851 18.697 126.097 126.097 61.971 11.007 51.576 
Hardenberg 186.685 185.193 43.372 352.512 352.512 155.061 25.963 129.052 
Hellendoorn 117.508 115.883 26.431 251.728 251.728 96.281 15.528 80.134 
Hengelo O 289.690 286.632 84.966 787.173 787.173 238.506 49.587 198.510 
Hof van Twente 104.775 103.552 23.693 257.240 257.240 86.164 14.033 71.717
