EVALUATIE CORONASTEUN CULTUURSECTOR 206 
Gemeente Lokale Lokale Buurt- en Cultuurmi Cultuurmi Lokale Buurt- en Lokaal 
culturele culturele dorpshuiz ddelen ddelen cultuur dorpshuiz cultuuraan
voorzienin voorzienin en 2020 2021 2021 2021 en 2021 bod 
gen 2020- gen 2020- (covid-19) 
1 2 2021 
Kampen 192.941 191.934 46.245 809.224 809.224 159.682 27.246 132.921 
Losser 61.785 61.114 16.236 57.613 57.613 51.306 9.619 42.700 
Oldenzaal 113.321 111.607 28.087 204.597 204.597 92.376 16.304 76.891 
Olst-Wijhe 49.505 49.300 12.088 52.178 52.178 41.296 7.267 34.367 
Ommen 55.077 54.791 12.573 102.725 102.725 46.247 7.556 38.489 
Raalte 111.814 110.661 25.992 124.932 124.932 92.592 15.450 77.061 
Rijssen-Holten 130.240 127.762 28.847 265.238 265.238 106.291 16.982 88.474 
Staphorst 50.155 49.675 11.056 41.230 41.230 41.558 6.601 34.589 
Steenwijkerland 141.842 140.333 34.118 204.053 204.053 117.140 20.228 97.497 
Tubbergen 53.577 52.858 12.363 50.237 50.237 44.044 7.397 36.657 
Twenterand 99.418 97.818 23.901 90.846 90.846 81.252 14.110 67.621 
Wierden 69.192 68.492 15.811 83.159 83.159 57.211 9.407 47.615 
Zwartewaterland 68.568 68.132 14.997 66.387 66.387 56.975 8.946 47.424 
Zwolle 518.966 515.085 131.809 1.434.195 1.434.195 430.627 77.771 358.482 
Aalten 84.094 83.160 20.273 92.321 92.321 69.056 11.939 57.471 
Apeldoorn 579.495 576.324 156.713 1.575.510 1.575.510 480.972 92.423 400.341 
Arnhem 707.996 704.130 207.787 2.751.532 2.751.532 585.992 121.695 487.830 
Barneveld 172.268 173.019 41.743 276.341 276.341 146.190 25.122 121.670 
Berg en Dal 93.974 93.152 25.805 155.059 155.059 77.178 15.280 64.230 
Berkelland 133.571 131.124 30.759 151.409 151.409 109.328 18.208 90.987 
Beuningen 73.304 72.225 18.504 64.446 64.446 60.265 10.989 50.156 
Bronckhorst 96.933 95.193 22.583 124.078 124.078 79.199 13.458 65.912 
Brummen 58.576 57.756 15.036 45.811 45.811 48.420 8.907 40.295 
Buren 64.068 63.892 16.120 29.117 29.117 53.658 9.687 44.659 
Culemborg 97.277 97.150 26.781 181.924 181.924 81.245 15.821 67.621 
Doesburg 38.671 37.881 10.384 84.013 84.013 31.472 6.088 26.196 
Doetinchem 205.336 203.606 51.495 510.366 510.366 169.852 30.254 141.370 
Druten 54.156 53.770 14.344 64.058 64.058 44.841 8.425 37.317 
Duiven 78.869 76.828 19.042 62.738 62.738 63.623 11.209 52.950 
Ede 390.630 389.056 100.493 813.184 813.184 327.072 59.544 272.229
