EVALUATIE CORONASTEUN CULTUURSECTOR 207 
Gemeente Lokale Lokale Buurt- en Cultuurmi Cultuurmi Lokale Buurt- en Lokaal 
culturele culturele dorpshuiz ddelen ddelen cultuur dorpshuiz cultuuraan
voorzienin voorzienin en 2020 2021 2021 2021 en 2021 bod 
gen 2020- gen 2020- (covid-19) 
1 2 2021 
Elburg 69.512 68.641 15.417 122.913 122.913 57.763 9.259 48.074 
Epe 96.902 95.502 24.317 95.660 95.660 79.296 14.382 65.993 
Ermelo 84.139 83.221 19.988 86.187 86.187 69.142 11.810 57.541 
Harderwijk 165.196 165.397 45.003 318.425 318.425 138.405 26.587 115.197 
Hattem 35.639 35.236 8.044 42.317 42.317 29.303 4.787 24.390 
Heerde 52.383 51.747 12.090 51.169 51.169 43.469 7.268 36.176 
Heumen 44.650 43.939 11.012 40.143 40.143 36.932 6.584 30.735 
Lingewaard 128.835 127.239 32.070 101.716 101.716 105.807 18.973 88.057 
Lochem 99.208 98.094 23.395 127.650 127.650 81.992 13.954 68.244 
Maasdriel 62.121 62.337 15.899 48.762 48.762 52.906 9.577 44.031 
Montferland 109.131 107.399 25.870 130.290 130.290 89.225 15.259 74.259 
Neder-Betuwe 61.389 61.468 15.806 58.390 58.390 51.813 9.563 43.122 
Nijkerk 126.827 125.577 31.575 99.852 99.852 105.346 18.837 87.680 
Nijmegen 761.404 750.069 204.357 2.221.134 2.221.134 628.553 119.581 523.232 
Nunspeet 83.592 83.531 19.475 89.215 89.215 69.956 11.583 58.222 
Oldebroek 66.118 65.225 15.371 45.656 45.656 54.540 9.196 45.392 
Oost Gelre 94.834 93.163 20.856 112.819 112.819 77.304 12.301 64.338 
Oude IJsselstreek 124.523 122.293 31.749 251.728 251.728 101.465 18.565 84.442 
Overbetuwe 128.845 128.150 33.035 123.146 123.146 106.162 19.702 88.355 
Putten 73.273 71.820 16.376 67.474 67.474 60.411 9.786 50.277 
Renkum 88.524 87.512 23.644 119.342 119.342 72.563 13.859 60.388 
Rheden 127.980 126.464 38.742 134.871 134.871 104.200 22.776 86.714 
Rozendaal 3.755 3.812 1.006 3.106 3.106 3.192 618 2.657 
Scherpenzeel 26.209 25.950 6.417 42.239 42.239 22.166 3.932 18.447 
Tiel 158.062 156.095 43.650 682.118 682.118 128.949 25.406 107.328 
Voorst 63.571 62.957 16.261 65.921 65.921 52.793 9.746 43.939 
Wageningen 144.841 145.961 32.484 307.555 307.555 120.635 19.158 100.403 
West Betuwe 137.323 136.672 32.703 174.392 174.392 114.389 19.569 95.199 
West Maas en Waal 49.310 49.347 12.427 40.609 40.609 41.736 7.473 34.735 
Westervoort 41.931 41.372 12.509 59.865 59.865 34.424 7.364 28.648
