EVALUATIE CORONASTEUN CULTUURSECTOR 211 
Gemeente Lokale Lokale Buurt- en Cultuurmi Cultuurmi Lokale Buurt- en Lokaal 
culturele culturele dorpshuiz ddelen ddelen cultuur dorpshuiz cultuuraan
voorzienin voorzienin en 2020 2021 2021 2021 en 2021 bod 
gen 2020- gen 2020- (covid-19) 
1 2 2021 
Hardinxveld- 53.626 53.573 12.182 34.475 34.475 44.867 7.256 37.338 
Giessendam 
Hellevoetsluis 131.971 130.050 34.879 203.044 203.044 108.528 20.599 90.321 
Hendrik-Ido- 90.848 90.136 23.950 220.203 220.203 75.095 14.253 62.496 
Ambacht 
Hillegom 63.162 62.846 16.998 70.269 70.269 52.233 10.063 43.467 
Hoeksche Waard 219.778 218.841 56.147 216.321 216.321 183.443 33.702 152.672 
Kaag en Braassem 68.491 68.932 17.391 25.157 25.157 58.013 10.468 48.281 
Katwijk 208.195 206.211 52.446 296.840 296.840 172.467 31.028 143.537 
Krimpen aan den 80.704 79.929 24.271 227.657 227.657 66.170 14.304 55.068 
IJssel 
Krimpenerwaard 145.902 144.722 38.758 212.051 212.051 121.028 23.129 100.731 
Lansingerland 166.750 166.710 46.720 106.297 106.297 141.286 28.200 117.589 
Leiden 532.009 523.645 139.013 1.922.353 1.922.353 431.443 80.980 359.136 
Leiderdorp 75.082 73.766 22.601 74.462 74.462 62.242 13.554 51.799 
Leidschendam- 222.100 222.016 76.730 288.842 288.842 184.148 45.284 153.252 
Voorburg 
Lisse 65.598 65.085 16.953 102.725 102.725 54.228 10.027 45.128 
Maassluis 106.667 106.494 34.920 179.983 179.983 89.409 20.812 74.418 
Midden-Delfland 42.681 42.035 12.382 66.232 66.232 35.096 7.478 29.214 
Molenlanden 104.342 103.036 26.051 68.716 68.716 86.124 15.694 71.683 
Nieuwkoop 73.905 73.423 17.845 54.507 54.507 61.830 10.709 51.457 
Nissewaard 277.604 274.111 87.646 886.714 886.714 228.258 51.753 189.965 
Noordwijk 119.489 119.609 31.691 202.733 202.733 100.663 18.985 83.772 
Oegstgeest 66.799 66.877 18.175 62.117 62.117 56.229 10.874 46.795 
Papendrecht 95.153 93.130 26.792 143.101 143.101 77.585 15.819 64.568 
Pijnacker-Nootdorp 131.314 132.273 41.609 130.755 130.755 110.854 24.877 92.267 
Ridderkerk 139.306 136.856 41.047 207.858 207.858 115.182 24.895 95.854 
Rijswijk 141.930 142.536 61.188 447.007 447.007 120.277 37.009 100.098 
Rotterdam 3.103.575 3.076.943 1.098.450 12.282.237 12.282.237 2.553.203 641.217 2.125.891 
Schiedam 295.715 293.877 104.791 933.302 933.302 245.791 61.838 204.616 
's-Gravenhage 2.478.363 2.469.160 881.398 8.352.897 8.352.897 2.057.092 518.071 1.712.748 
Sliedrecht 75.118 74.601 21.515 71.978 71.978 63.089 13.026 52.502
