EVALUATIE CORONASTEUN CULTUURSECTOR 212 
Gemeente Lokale Lokale Buurt- en Cultuurmi Cultuurmi Lokale Buurt- en Lokaal 
culturele culturele dorpshuiz ddelen ddelen cultuur dorpshuiz cultuuraan
voorzienin voorzienin en 2020 2021 2021 2021 en 2021 bod 
gen 2020- gen 2020- (covid-19) 
1 2 2021 
Teylingen 107.612 107.877 26.518 140.849 140.849 90.593 15.786 75.393 
Vlaardingen 256.335 255.917 89.507 602.298 602.298 214.025 53.187 178.148 
Voorschoten 68.324 67.656 19.825 62.815 62.815 56.450 11.748 46.979 
Waddinxveen 82.040 83.862 23.050 91.001 91.001 72.785 14.219 60.572 
Wassenaar 69.890 69.095 19.766 112.353 112.353 59.267 12.239 49.323 
Westland 354.390 354.378 86.158 479.307 479.307 297.191 51.388 247.352 
Westvoorne 38.734 38.503 9.015 88.671 88.671 32.411 5.423 26.972 
Zoetermeer 426.062 419.700 137.705 957.139 957.139 348.606 80.570 290.136 
Zoeterwoude 18.539 18.640 5.545 24.691 24.691 15.954 3.382 13.280 
Zuidplas 105.469 106.908 32.196 91.467 91.467 91.567 19.791 76.210 
Zwijndrecht 134.636 132.899 44.843 129.901 129.901 110.567 26.531 92.016 
Borsele 61.097 60.044 14.902 91.544 91.544 50.085 8.871 41.683 
Goes 144.876 144.153 34.439 230.220 230.220 121.302 20.433 100.968 
Hulst 90.988 89.786 19.933 123.379 123.379 74.617 11.833 62.104 
Kapelle 38.496 37.611 8.300 56.759 56.759 31.733 4.966 26.409 
Middelburg 193.244 191.016 48.079 565.494 565.494 159.100 27.954 132.437 
Noord-Beveland 18.715 18.687 4.825 34.941 34.941 16.028 2.889 13.338 
Reimerswaal 64.391 63.592 15.957 70.425 70.425 53.364 9.510 44.410 
Schouwen- 106.770 105.549 22.988 313.301 313.301 88.439 13.717 73.602 
Duiveland 
Sluis 68.737 67.178 16.481 170.044 170.044 55.797 9.852 46.433 
Terneuzen 186.104 182.653 47.618 489.091 489.091 151.890 27.966 126.418 
Tholen 73.460 72.435 17.815 108.704 108.704 61.092 10.711 50.843 
Veere 56.143 55.530 12.575 173.694 173.694 46.342 7.527 38.569 
Vlissingen 185.866 182.672 49.599 201.180 201.180 151.615 28.713 126.215 
Alphen-Chaam 23.799 23.624 5.862 9.162 9.162 20.014 3.550 16.658 
Altena 145.192 144.848 34.879 162.202 162.202 121.363 20.930 101.002 
Asten 50.512 49.722 11.896 62.815 62.815 41.454 7.029 34.499 
Baarle-Nassau 17.404 17.211 4.548 22.828 22.828 14.397 2.667 11.982 
Bergeijk 49.020 48.752 11.101 87.274 87.274 40.844 6.673 33.992 
Bergen op Zoom 250.744 249.140 71.654 979.423 979.423 206.976 41.993 172.282
