EVALUATIE CORONASTEUN CULTUURSECTOR 214 
Gemeente Lokale Lokale Buurt- en Cultuurmi Cultuurmi Lokale Buurt- en Lokaal 
culturele culturele dorpshuiz ddelen ddelen cultuur dorpshuiz cultuuraan
voorzienin voorzienin en 2020 2021 2021 2021 en 2021 bod 
gen 2020- gen 2020- (covid-19) 
1 2 2021 
Meierijstad 244.799 242.014 60.453 642.984 642.984 202.353 35.785 168.408 
Mill en Sint Hubert 28.260 28.073 6.799 42.084 42.084 23.613 4.099 19.651 
Moerdijk 104.933 104.074 26.156 144.111 144.111 86.768 15.553 72.216 
Nuenen c.a. 64.327 63.930 15.400 85.643 85.643 53.952 9.192 44.901 
Oirschot 49.212 48.624 11.236 70.813 70.813 40.760 6.786 33.922 
Oisterwijk 81.193 79.059 18.400 188.757 193.647 78.438 13.105 65.283 
Oosterhout 187.257 185.413 50.502 467.117 467.117 154.708 29.648 128.766 
Oss 307.296 303.854 83.257 576.131 576.131 254.165 49.156 211.539 
Reusel-De Mierden 36.457 36.115 8.181 34.630 34.630 30.076 4.895 25.030 
Roosendaal 277.940 274.318 77.780 482.491 482.491 227.774 45.620 189.586 
Rucphen 66.051 66.002 15.611 43.016 43.016 55.419 9.386 46.121 
's-Hertogenbosch 613.942 606.030 157.174 2.158.707 2.158.707 504.012 91.687 419.541 
Sint-Anthonis 30.542 30.229 6.927 28.030 28.030 25.178 4.140 20.954 
Sint-Michielsgestel 76.771 76.287 18.206 78.810 78.810 64.073 10.880 53.324 
Someren 54.222 53.582 12.613 88.283 88.283 44.705 7.507 37.205 
Son en Breugel 47.685 48.250 11.189 68.561 68.561 40.700 6.761 33.872 
Steenbergen 75.911 72.266 17.301 59.787 59.787 59.743 10.274 49.719 
Tilburg 873.743 877.476 257.227 2.628.930 2.630.130 733.210 151.489 610.348 
Uden 143.651 142.457 36.657 393.120 393.120 118.744 21.611 98.826 
Valkenswaard 99.474 98.851 25.030 294.122 294.122 82.221 14.825 68.426 
Veldhoven 145.611 143.583 35.060 289.308 289.308 119.298 20.663 99.285 
Vught 80.534 79.655 19.893 148.148 152.197 76.486 13.583 63.653 
Waalre 46.900 46.837 11.703 28.574 28.574 39.155 6.950 32.586 
Waalwijk 158.953 157.388 42.007 377.747 377.747 131.273 24.747 109.250 
Woensdrecht 62.934 62.049 14.766 53.420 53.420 52.057 8.780 43.321 
Zundert 59.656 59.403 14.002 42.472 42.472 49.847 8.442 41.483 
Beek 44.933 44.070 11.591 79.199 79.199 36.732 6.819 30.569 
Beekdaelen 91.529 91.251 24.196 77.956 77.956 76.256 14.446 63.464 
Beesel 43.275 42.384 10.410 47.364 47.364 35.169 6.149 29.268 
Bergen L 35.667 35.008 8.668 24.924 24.924 29.191 5.208 24.293
