EVALUATIE CORONASTEUN CULTUURSECTOR 215 
Gemeente Lokale Lokale Buurt- en Cultuurmi Cultuurmi Lokale Buurt- en Lokaal 
culturele culturele dorpshuiz ddelen ddelen cultuur dorpshuiz cultuuraan
voorzienin voorzienin en 2020 2021 2021 2021 en 2021 bod 
gen 2020- gen 2020- (covid-19) 
1 2 2021 
Brunssum 93.450 90.997 27.321 148.692 148.692 75.240 15.898 62.616 
Echt-Susteren 97.776 96.255 23.159 165.153 165.153 80.759 13.738 67.212 
Eijsden-Margraten 64.549 64.067 15.260 62.505 62.505 53.643 9.197 44.646 
Gennep 52.138 50.942 12.278 64.834 64.834 42.717 7.229 35.551 
Gulpen-Wittem 35.079 34.482 9.007 49.693 49.693 28.789 5.412 23.960 
Heerlen 338.678 333.915 105.069 1.503.610 1.503.610 276.847 61.236 230.416 
Horst aan de Maas 123.353 121.926 27.210 134.017 134.017 101.549 16.094 84.512 
Kerkrade 158.256 156.121 48.539 501.514 501.514 128.794 28.165 107.189 
Landgraaf 123.243 120.764 33.823 158.242 158.242 99.856 19.751 83.105 
Leudal 97.536 96.998 22.575 142.480 142.480 81.103 13.514 67.494 
Maasgouw 67.392 67.316 15.407 90.457 90.457 55.959 9.098 46.568 
Maastricht 498.233 490.246 124.140 1.943.395 1.943.395 402.692 72.268 335.195 
Meerssen 51.692 50.706 12.367 43.870 43.870 41.839 7.237 34.820 
Mook en Middelaar 20.341 20.139 4.790 9.473 9.473 16.940 2.791 14.098 
Nederweert 49.214 48.564 11.050 120.584 120.584 40.775 6.607 33.933 
Peel en Maas 124.299 122.883 28.760 230.142 230.142 102.903 17.124 85.639 
Roerdalen 56.085 55.183 13.763 64.524 64.524 45.916 8.117 38.211 
Roermond 223.710 220.208 63.009 498.408 498.408 184.428 36.956 153.507 
Simpelveld 27.755 27.534 7.314 23.760 23.760 22.740 4.294 18.925 
Sittard-Geleen 348.715 341.613 90.598 1.304.371 1.304.371 281.442 52.505 234.252 
Stein 75.926 74.954 18.184 118.565 118.565 61.979 10.582 51.581 
Vaals 29.694 29.344 8.680 73.686 73.686 24.363 5.114 20.274 
Valkenburg aan de 47.837 46.884 11.872 102.492 102.492 39.042 7.001 32.494 
Geul 
Venlo 380.229 374.659 106.481 904.651 904.651 311.578 62.249 259.352 
Venray 145.112 143.915 37.396 310.272 310.272 119.882 22.018 99.772 
Voerendaal 30.775 30.458 7.903 51.091 51.091 25.316 4.690 21.070 
Weert 176.533 174.971 45.812 562.543 562.543 145.049 26.669 120.725 
Almere 715.458 716.509 256.797 2.096.823 2.096.823 602.400 151.959 501.405 
Dronten 124.190 124.356 32.225 144.421 144.421 104.589 19.208 87.044 
Lelystad 259.020 257.195 88.709 558.972 558.972 216.971 52.778 180.587
